# Blender v2.92.0 OBJ File: 'Anim_Victory.blend'
# www.blender.org
mtllib Anim_Victory_000018.mtl
o Left_Arm_Cube
v 2.363012 7.368254 0.064584
v 0.446264 8.561892 2.039755
v 1.838562 7.769103 -0.686596
v -0.078186 8.962741 1.288575
v 1.800218 6.543020 0.017142
v -0.116531 7.736657 1.992314
v 1.275767 6.943870 -0.734037
v -0.640981 8.137508 1.241134
vt 0.875093 0.186814
vt 0.812176 0.249731
vt 0.812176 0.186814
vt 0.874495 0.000417
vt 0.812638 0.187259
vt 0.812638 0.000417
vt 0.812513 0.000793
vt 0.749931 0.186575
vt 0.749931 0.000793
vt 0.875069 0.187278
vt 0.937377 0.249586
vt 0.875069 0.249586
vt 0.936512 0.186938
vt 0.874765 0.000111
vt 0.936512 0.000111
vt 1.000144 0.186760
vt 0.936967 -0.000454
vt 1.000144 -0.000454
vt 0.875093 0.249731
vt 0.874495 0.187259
vt 0.812513 0.186575
vt 0.937377 0.187278
vt 0.874765 0.186938
vt 0.936967 0.186760
vn 0.6389 -0.3979 -0.6584
vn -0.5245 0.4009 -0.7512
vn -0.5628 -0.8252 -0.0474
vn -0.6389 0.3979 0.6584
vn 0.5628 0.8252 0.0474
vn 0.5245 -0.4008 0.7512
usemtl Texture_Test
s off
f 5/1/1 3/2/1 1/3/1
f 4/4/2 7/5/2 8/6/2
f 8/7/3 5/8/3 6/9/3
f 6/10/4 4/11/4 8/12/4
f 1/13/5 4/14/5 2/15/5
f 5/16/6 2/17/6 6/18/6
f 5/1/1 7/19/1 3/2/1
f 4/4/2 3/20/2 7/5/2
f 8/7/3 7/21/3 5/8/3
f 6/10/4 2/22/4 4/11/4
f 1/13/5 3/23/5 4/14/5
f 5/16/6 1/24/6 2/17/6
o Head_Cube.001
v 1.000000 7.766866 -2.694728
v 1.000000 6.691622 -1.008355
v 1.000000 9.453238 -1.619485
v 1.000000 8.377995 0.066888
v -1.000000 7.766866 -2.694728
v -1.000000 6.691622 -1.008355
v -1.000000 9.453238 -1.619485
v -1.000000 8.377995 0.066888
vt 0.748104 0.877018
vt 0.625442 0.999680
vt 0.625442 0.877018
vt 0.750840 0.875006
vt 0.626626 0.750791
vt 0.750840 0.750791
vt 0.624792 0.751191
vt 0.500737 0.875246
vt 0.500737 0.751191
vt 0.874158 0.875380
vt 0.749344 1.000194
vt 0.749344 0.875380
vt 0.874289 0.874923
vt 0.749639 0.750273
vt 0.874289 0.750273
vt 0.998300 0.874639
vt 0.874295 0.750634
vt 0.998300 0.750634
vt 0.748104 0.999680
vt 0.626626 0.875006
vt 0.624792 0.875246
vt 0.874158 1.000194
vt 0.749639 0.874923
vt 0.874295 0.874639
vn 0.0000 0.5376 -0.8432
vn 0.0000 0.8432 0.5376
vn -1.0000 -0.0000 0.0000
vn 0.0000 -0.5376 0.8432
vn 1.0000 -0.0000 0.0000
vn 0.0000 -0.8432 -0.5376
usemtl Texture_Test
s off
f 13/25/7 11/26/7 9/27/7
f 11/28/8 16/29/8 12/30/8
f 16/31/9 13/32/9 14/33/9
f 10/34/10 16/35/10 14/36/10
f 9/37/11 12/38/11 10/39/11
f 13/40/12 10/41/12 14/42/12
f 13/25/7 15/43/7 11/26/7
f 11/28/8 15/44/8 16/29/8
f 16/31/9 15/45/9 13/32/9
f 10/34/10 12/46/10 16/35/10
f 9/37/11 11/47/11 12/38/11
f 13/40/12 9/48/12 10/41/12
o Body_Cube.002
v 1.000000 7.856678 -0.500000
v 1.000000 4.856678 -0.500000
v 1.000000 7.856678 0.500000
v 1.000000 4.856678 0.500000
v -1.000000 7.856678 -0.500000
v -1.000000 4.856678 -0.500000
v -1.000000 7.856678 0.500000
v -1.000000 4.856678 0.500000
vt 0.436976 0.438001
vt 0.313244 0.500278
vt 0.313244 0.438001
vt 0.437696 0.437953
vt 0.312640 0.249999
vt 0.437696 0.249999
vt 0.312183 0.437289
vt 0.251093 0.250593
vt 0.312183 0.250593
vt 0.561968 0.438339
vt 0.438265 0.499810
vt 0.438265 0.438339
vt 0.499376 0.437568
vt 0.438677 0.249672
vt 0.499376 0.249672
vt 0.625110 0.437880
vt 0.499250 0.249749
vt 0.625110 0.249749
vt 0.436976 0.500278
vt 0.312640 0.437953
vt 0.251093 0.437289
vt 0.561968 0.499810
vt 0.438677 0.437568
vt 0.499250 0.437880
vn 0.0000 1.0000 0.0000
vn -0.0000 0.0000 1.0000
vn -1.0000 0.0000 0.0000
vn 0.0000 -1.0000 0.0000
vn 1.0000 0.0000 0.0000
vn 0.0000 0.0000 -1.0000
usemtl Texture_Test
s off
f 21/49/13 19/50/13 17/51/13
f 19/52/14 24/53/14 20/54/14
f 23/55/15 22/56/15 24/57/15
f 18/58/16 24/59/16 22/60/16
f 17/61/17 20/62/17 18/63/17
f 21/64/18 18/65/18 22/66/18
f 21/49/13 23/67/13 19/50/13
f 19/52/14 23/68/14 24/53/14
f 23/55/15 21/69/15 22/56/15
f 18/58/16 20/70/16 24/59/16
f 17/61/17 19/71/17 20/62/17
f 21/64/18 17/72/18 18/65/18
o Right_Arm_Cube.003
v -1.491859 6.702881 -0.593407
v -3.320911 9.070624 -0.373479
v -1.549386 6.566579 0.395588
v -3.378439 8.934322 0.615516
v -0.701304 7.301639 -0.464902
v -2.530356 9.669381 -0.244974
v -0.758832 7.165337 0.524093
v -2.587884 9.533079 0.744021
vt 0.750466 0.437987
vt 0.688708 0.499745
vt 0.688708 0.437987
vt 0.750445 0.436434
vt 0.688938 0.250852
vt 0.750445 0.250852
vt 0.688828 0.437467
vt 0.625651 0.250220
vt 0.688828 0.250220
vt 0.751092 0.437533
vt 0.813451 0.499892
vt 0.751092 0.499892
vt 0.814086 0.250610
vt 0.750685 0.437096
vt 0.750685 0.250610
vt 0.875786 0.251091
vt 0.813937 0.437224
vt 0.813937 0.251091
vt 0.750466 0.499745
vt 0.688938 0.436434
vt 0.625651 0.437467
vt 0.813451 0.437533
vt 0.814086 0.437096
vt 0.875786 0.437224
vn 0.6097 -0.7892 -0.0733
vn -0.0575 -0.1363 0.9890
vn 0.7906 0.5988 0.1285
vn -0.6097 0.7892 0.0733
vn -0.7906 -0.5988 -0.1285
vn 0.0575 0.1363 -0.9890
usemtl Texture_Test
s off
f 29/73/19 27/74/19 25/75/19
f 27/76/20 32/77/20 28/78/20
f 31/79/21 30/80/21 32/81/21
f 30/82/22 28/83/22 32/84/22
f 26/85/23 27/86/23 28/87/23
f 30/88/24 25/89/24 26/90/24
f 29/73/19 31/91/19 27/74/19
f 27/76/20 31/92/20 32/77/20
f 31/79/21 29/93/21 30/80/21
f 30/82/22 26/94/22 28/83/22
f 26/85/23 25/95/23 27/86/23
f 30/88/24 29/96/24 25/89/24
o Left_Leg_Cube.004
v 0.956629 4.896446 -0.500000
v 1.244253 1.910266 -0.500000
v 0.956629 4.896446 0.500000
v 1.244253 1.910266 0.500000
v -0.038765 4.800571 -0.500000
v 0.248859 1.814391 -0.500000
v -0.038765 4.800571 0.500000
v 0.248860 1.814391 0.500000
vt 0.123063 0.192104
vt 0.067263 0.247904
vt 0.067263 0.192104
vt 0.125948 0.187748
vt 0.063836 0.000539
vt 0.125948 0.000539
vt 0.063642 0.187226
vt 0.000967 0.000812
vt 0.063642 0.000812
vt 0.184512 0.190230
vt 0.130160 0.244581
vt 0.130160 0.190230
vt 0.187955 0.187914
vt 0.126280 0.000912
vt 0.187955 0.000912
vt 0.250462 -0.000553
vt 0.188163 0.187368
vt 0.188163 -0.000553
vt 0.123063 0.247904
vt 0.063836 0.187748
vt 0.000967 0.187226
vt 0.184512 0.244581
vt 0.126280 0.187914
vt 0.250462 0.187368
vn -0.0959 0.9954 0.0000
vn -0.0000 0.0000 1.0000
vn -0.9954 -0.0959 0.0000
vn 0.0959 -0.9954 0.0000
vn 0.9954 0.0959 0.0000
vn 0.0000 -0.0000 -1.0000
usemtl Texture_Test
s off
f 37/97/25 35/98/25 33/99/25
f 35/100/26 40/101/26 36/102/26
f 39/103/27 38/104/27 40/105/27
f 34/106/28 40/107/28 38/108/28
f 33/109/29 36/110/29 34/111/29
f 38/112/30 33/113/30 34/114/30
f 37/97/25 39/115/25 35/98/25
f 35/100/26 39/116/26 40/101/26
f 39/103/27 37/117/27 38/104/27
f 34/106/28 36/118/28 40/107/28
f 33/109/29 35/119/29 36/110/29
f 38/112/30 37/120/30 33/113/30
o Right_Leg_Cube.005
v 0.037612 4.807903 -0.500000
v -0.252399 1.821954 -0.500000
v 0.037612 4.807903 0.500000
v -0.252399 1.821954 0.500000
v -0.957705 4.904573 -0.500000
v -1.247715 1.918624 -0.500000
v -0.957705 4.904573 0.500000
v -1.247715 1.918624 0.500000
vt 0.124537 0.438446
vt 0.062192 0.500791
vt 0.062192 0.438446
vt 0.124958 0.251142
vt 0.061968 0.438068
vt 0.061968 0.251142
vt 0.061660 0.250541
vt 0.000105 0.437761
vt 0.000105 0.250541
vt 0.185021 0.440477
vt 0.126351 0.499147
vt 0.126351 0.440477
vt 0.187055 0.438717
vt 0.125285 0.251184
vt 0.187055 0.251184
vt 0.250234 0.437465
vt 0.187184 0.250093
vt 0.250234 0.250093
vt 0.124537 0.500791
vt 0.124958 0.438068
vt 0.061660 0.437761
vt 0.185021 0.499147
vt 0.125285 0.438717
vt 0.187184 0.437465
vn 0.0967 0.9953 0.0000
vn -0.0000 0.0000 1.0000
vn -0.9953 0.0967 0.0000
vn -0.0967 -0.9953 0.0000
vn 0.9953 -0.0967 -0.0000
vn -0.0000 0.0000 -1.0000
usemtl Texture_Test
s off
f 45/121/31 43/122/31 41/123/31
f 44/124/32 47/125/32 48/126/32
f 48/127/33 45/128/33 46/129/33
f 42/130/34 48/131/34 46/132/34
f 41/133/35 44/134/35 42/135/35
f 45/136/36 42/137/36 46/138/36
f 45/121/31 47/139/31 43/122/31
f 44/124/32 43/140/32 47/125/32
f 48/127/33 47/141/33 45/128/33
f 42/130/34 44/142/34 48/131/34
f 41/133/35 43/143/35 44/134/35
f 45/136/36 41/144/36 42/137/36
