# Blender v2.92.0 OBJ File: 'Anim_Defeat.blend'
# www.blender.org
mtllib Anim_Defeat_000002.mtl
o Left_Arm_Cube
v 2.023034 5.839243 -0.495650
v 1.939236 2.882853 0.007074
v 2.004852 6.007357 0.489949
v 1.921054 3.050966 0.992674
v 1.023590 5.863727 -0.518264
v 0.939792 2.907336 -0.015540
v 1.005408 6.031840 0.467335
v 0.921610 3.075449 0.970060
vt 0.812176 0.186814
vt 0.875093 0.249731
vt 0.812176 0.249731
vt 0.874495 0.000417
vt 0.812638 0.187259
vt 0.812638 0.000417
vt 0.812513 0.186575
vt 0.749931 0.000793
vt 0.812513 0.000793
vt 0.937377 0.187278
vt 0.875069 0.249586
vt 0.875069 0.187278
vt 0.936512 0.000111
vt 0.874765 0.186938
vt 0.874765 0.000111
vt 1.000144 0.186760
vt 0.936967 -0.000454
vt 1.000144 -0.000454
vt 0.875093 0.186814
vt 0.874495 0.187259
vt 0.749931 0.186575
vt 0.937377 0.249586
vt 0.936512 0.186938
vt 0.936967 0.186760
vn 0.0279 0.9855 -0.1676
vn -0.0182 0.1681 0.9856
vn -0.9994 0.0245 -0.0226
vn -0.0279 -0.9855 0.1676
vn 0.9994 -0.0245 0.0226
vn 0.0182 -0.1681 -0.9856
usemtl Texture_Test
s off
f 1/1/1 7/2/1 3/3/1
f 4/4/2 7/5/2 8/6/2
f 7/7/3 6/8/3 8/9/3
f 2/10/4 8/11/4 6/12/4
f 2/13/5 3/14/5 4/15/5
f 5/16/6 2/17/6 6/18/6
f 1/1/1 5/19/1 7/2/1
f 4/4/2 3/20/2 7/5/2
f 7/7/3 5/21/3 6/8/3
f 2/10/4 4/22/4 8/11/4
f 2/13/5 1/23/5 3/14/5
f 5/16/6 1/24/6 2/17/6
o Head_Cube.001
v 1.000000 8.008467 -0.752870
v 1.000000 6.012977 -0.887112
v 1.000000 7.874225 1.242620
v 1.000000 5.878736 1.108378
v -1.000000 8.008467 -0.752870
v -1.000000 6.012977 -0.887112
v -1.000000 7.874225 1.242620
v -1.000000 5.878736 1.108378
vt 0.748104 0.877018
vt 0.625442 0.999680
vt 0.625442 0.877018
vt 0.750840 0.875006
vt 0.626626 0.750791
vt 0.750840 0.750791
vt 0.624792 0.875246
vt 0.500737 0.751191
vt 0.624792 0.751191
vt 0.874158 0.875380
vt 0.749344 1.000194
vt 0.749344 0.875380
vt 0.874289 0.750273
vt 0.749639 0.874923
vt 0.749639 0.750273
vt 0.998300 0.874639
vt 0.874295 0.750634
vt 0.998300 0.750634
vt 0.748104 0.999680
vt 0.626626 0.875006
vt 0.500737 0.875246
vt 0.874158 1.000194
vt 0.874289 0.874923
vt 0.874295 0.874639
vn 0.0000 0.9977 0.0671
vn 0.0000 -0.0671 0.9977
vn -1.0000 0.0000 0.0000
vn 0.0000 -0.9977 -0.0671
vn 1.0000 0.0000 0.0000
vn 0.0000 0.0671 -0.9977
usemtl Texture_Test
s off
f 13/25/7 11/26/7 9/27/7
f 11/28/8 16/29/8 12/30/8
f 15/31/9 14/32/9 16/33/9
f 10/34/10 16/35/10 14/36/10
f 10/37/11 11/38/11 12/39/11
f 13/40/12 10/41/12 14/42/12
f 13/25/7 15/43/7 11/26/7
f 11/28/8 15/44/8 16/29/8
f 15/31/9 13/45/9 14/32/9
f 10/34/10 12/46/10 16/35/10
f 10/37/11 9/47/11 11/38/11
f 13/40/12 9/48/12 10/41/12
o Body_Cube.002
v 1.000000 5.943287 -0.429109
v 1.000000 2.943287 -0.429109
v 1.000000 5.943287 0.570891
v 1.000000 2.943287 0.570891
v -1.000000 5.943287 -0.429109
v -1.000000 2.943287 -0.429109
v -1.000000 5.943287 0.570891
v -1.000000 2.943287 0.570891
vt 0.436976 0.438001
vt 0.313244 0.500278
vt 0.313244 0.438001
vt 0.437696 0.437953
vt 0.312640 0.249999
vt 0.437696 0.249999
vt 0.312183 0.437289
vt 0.251093 0.250593
vt 0.312183 0.250593
vt 0.561968 0.438339
vt 0.438265 0.499810
vt 0.438265 0.438339
vt 0.499376 0.437568
vt 0.438677 0.249672
vt 0.499376 0.249672
vt 0.625110 0.437880
vt 0.499250 0.249749
vt 0.625110 0.249749
vt 0.436976 0.500278
vt 0.312640 0.437953
vt 0.251093 0.437289
vt 0.561968 0.499810
vt 0.438677 0.437568
vt 0.499250 0.437880
vn 0.0000 1.0000 0.0000
vn 0.0000 0.0000 1.0000
vn -1.0000 0.0000 0.0000
vn 0.0000 -1.0000 0.0000
vn 1.0000 0.0000 0.0000
vn 0.0000 0.0000 -1.0000
usemtl Texture_Test
s off
f 21/49/13 19/50/13 17/51/13
f 19/52/14 24/53/14 20/54/14
f 23/55/15 22/56/15 24/57/15
f 18/58/16 24/59/16 22/60/16
f 17/61/17 20/62/17 18/63/17
f 21/64/18 18/65/18 22/66/18
f 21/49/13 23/67/13 19/50/13
f 19/52/14 23/68/14 24/53/14
f 23/55/15 21/69/15 22/56/15
f 18/58/16 20/70/16 24/59/16
f 17/61/17 19/71/17 20/62/17
f 21/64/18 17/72/18 18/65/18
o Right_Arm_Cube.003
v -1.028922 5.865251 -0.522657
v -0.927684 2.909444 -0.019708
v -1.007316 6.033676 0.462821
v -0.906079 3.077869 0.965770
v -2.028119 5.835617 -0.495686
v -1.926881 2.879810 0.007263
v -2.006513 6.004042 0.489792
v -1.905275 3.048236 0.992741
vt 0.750466 0.437987
vt 0.688708 0.499745
vt 0.688708 0.437987
vt 0.750445 0.436434
vt 0.688938 0.250852
vt 0.750445 0.250852
vt 0.688828 0.437467
vt 0.625651 0.250220
vt 0.688828 0.250220
vt 0.751092 0.437533
vt 0.813451 0.499892
vt 0.751092 0.499892
vt 0.814086 0.250610
vt 0.750685 0.437096
vt 0.750685 0.250610
vt 0.875786 0.251091
vt 0.813937 0.437224
vt 0.813937 0.251091
vt 0.750466 0.499745
vt 0.688938 0.436434
vt 0.625651 0.437467
vt 0.813451 0.437533
vt 0.814086 0.437096
vt 0.875786 0.437224
vn -0.0337 0.9853 -0.1677
vn 0.0216 0.1684 0.9855
vn -0.9992 -0.0296 0.0270
vn 0.0337 -0.9853 0.1676
vn 0.9992 0.0296 -0.0270
vn -0.0216 -0.1684 -0.9855
vn -0.0337 0.9853 -0.1676
usemtl Texture_Test
s off
f 29/73/19 27/74/19 25/75/19
f 27/76/20 32/77/20 28/78/20
f 31/79/21 30/80/21 32/81/21
f 30/82/22 28/83/22 32/84/22
f 26/85/23 27/86/23 28/87/23
f 30/88/24 25/89/24 26/90/24
f 29/73/25 31/91/25 27/74/25
f 27/76/20 31/92/20 32/77/20
f 31/79/21 29/93/21 30/80/21
f 30/82/22 26/94/22 28/83/22
f 26/85/23 25/95/23 27/86/23
f 30/88/24 29/96/24 25/89/24
o Left_Leg_Cube.004
v 1.000000 2.963007 -0.411389
v 1.000000 -0.034576 -0.531797
v 1.000000 2.922871 0.587805
v 1.000000 -0.074712 0.467398
v 0.000000 2.963007 -0.411389
v 0.000000 -0.034576 -0.531797
v 0.000000 2.922871 0.587805
v 0.000000 -0.074712 0.467398
vt 0.123063 0.192104
vt 0.067263 0.247904
vt 0.067263 0.192104
vt 0.125948 0.187748
vt 0.063836 0.000539
vt 0.125948 0.000539
vt 0.063642 0.000812
vt 0.000967 0.187226
vt 0.000967 0.000812
vt 0.184512 0.190230
vt 0.130160 0.244581
vt 0.130160 0.190230
vt 0.187955 0.187914
vt 0.126280 0.000912
vt 0.187955 0.000912
vt 0.250462 0.187368
vt 0.188163 -0.000553
vt 0.250462 -0.000553
vt 0.123063 0.247904
vt 0.063836 0.187748
vt 0.063642 0.187226
vt 0.184512 0.244581
vt 0.126280 0.187914
vt 0.188163 0.187368
vn 0.0000 0.9992 0.0401
vn 0.0000 -0.0401 0.9992
vn -1.0000 0.0000 0.0000
vn 0.0000 -0.9992 -0.0401
vn 1.0000 -0.0000 0.0000
vn 0.0000 0.0401 -0.9992
usemtl Texture_Test
s off
f 37/97/26 35/98/26 33/99/26
f 35/100/27 40/101/27 36/102/27
f 40/103/28 37/104/28 38/105/28
f 34/106/29 40/107/29 38/108/29
f 33/109/30 36/110/30 34/111/30
f 37/112/31 34/113/31 38/114/31
f 37/97/26 39/115/26 35/98/26
f 35/100/27 39/116/27 40/101/27
f 40/103/28 39/117/28 37/104/28
f 34/106/29 36/118/29 40/107/29
f 33/109/30 35/119/30 36/110/30
f 37/112/31 33/120/31 34/113/31
o Right_Leg_Cube.005
v -0.000000 2.962609 -0.412517
v -0.000000 -0.035075 -0.530362
v -0.000000 2.923327 0.586711
v -0.000000 -0.074357 0.468866
v -1.000000 2.962609 -0.412517
v -1.000000 -0.035075 -0.530362
v -1.000000 2.923327 0.586711
v -1.000000 -0.074357 0.468866
vt 0.124537 0.438446
vt 0.062192 0.500791
vt 0.062192 0.438446
vt 0.124958 0.438068
vt 0.061968 0.251142
vt 0.124958 0.251142
vt 0.061660 0.250541
vt 0.000105 0.437761
vt 0.000105 0.250541
vt 0.185021 0.440477
vt 0.126351 0.499147
vt 0.126351 0.440477
vt 0.187055 0.438717
vt 0.125285 0.251184
vt 0.187055 0.251184
vt 0.250234 0.437465
vt 0.187184 0.250093
vt 0.250234 0.250093
vt 0.124537 0.500791
vt 0.061968 0.438068
vt 0.061660 0.437761
vt 0.185021 0.499147
vt 0.125285 0.438717
vt 0.187184 0.437465
vn 0.0000 0.9992 0.0393
vn 0.0000 -0.0393 0.9992
vn -1.0000 0.0000 0.0000
vn 0.0000 -0.9992 -0.0393
vn 1.0000 0.0000 0.0000
vn 0.0000 0.0393 -0.9992
usemtl Texture_Test
s off
f 45/121/32 43/122/32 41/123/32
f 43/124/33 48/125/33 44/126/33
f 48/127/34 45/128/34 46/129/34
f 42/130/35 48/131/35 46/132/35
f 41/133/36 44/134/36 42/135/36
f 45/136/37 42/137/37 46/138/37
f 45/121/32 47/139/32 43/122/32
f 43/124/33 47/140/33 48/125/33
f 48/127/34 47/141/34 45/128/34
f 42/130/35 44/142/35 48/131/35
f 41/133/36 43/143/36 44/134/36
f 45/136/37 41/144/37 42/137/37
