# Blender v2.92.0 OBJ File: 'Anim_Defeat.blend'
# www.blender.org
mtllib Anim_Defeat_000004.mtl
o Left_Arm_Cube
v 2.074198 5.368884 -0.384621
v 1.737306 2.933033 1.333846
v 2.032824 5.948674 0.429094
v 1.695932 3.512822 2.147561
v 1.081385 5.436562 -0.483324
v 0.744494 3.000710 1.235143
v 1.040011 6.016352 0.330391
v 0.703119 3.580500 2.048858
vt 0.812176 0.186814
vt 0.875093 0.249731
vt 0.812176 0.249731
vt 0.874495 0.000417
vt 0.812638 0.187259
vt 0.812638 0.000417
vt 0.812513 0.186575
vt 0.749931 0.000793
vt 0.812513 0.000793
vt 0.937377 0.187278
vt 0.875069 0.249586
vt 0.875069 0.187278
vt 0.936512 0.000111
vt 0.874765 0.186938
vt 0.874765 0.000111
vt 1.000144 0.186760
vt 0.936967 -0.000454
vt 1.000144 -0.000454
vt 0.875093 0.186814
vt 0.874495 0.187259
vt 0.749931 0.186575
vt 0.937377 0.249586
vt 0.936512 0.186938
vt 0.936967 0.186760
vn 0.1123 0.8120 -0.5728
vn -0.0414 0.5798 0.8137
vn -0.9928 0.0677 -0.0987
vn -0.1123 -0.8120 0.5728
vn 0.9928 -0.0677 0.0987
vn 0.0414 -0.5798 -0.8137
usemtl Texture_Test
s off
f 1/1/1 7/2/1 3/3/1
f 4/4/2 7/5/2 8/6/2
f 7/7/3 6/8/3 8/9/3
f 2/10/4 8/11/4 6/12/4
f 2/13/5 3/14/5 4/15/5
f 5/16/6 2/17/6 6/18/6
f 1/1/1 5/19/1 7/2/1
f 4/4/2 3/20/2 7/5/2
f 7/7/3 5/21/3 6/8/3
f 2/10/4 4/22/4 8/11/4
f 2/13/5 1/23/5 3/14/5
f 5/16/6 1/24/6 2/17/6
o Head_Cube.001
v 1.000000 7.962135 -0.119797
v 1.000000 6.014560 -0.574718
v 1.000000 7.507213 1.827778
v 1.000000 5.559639 1.372856
v -1.000000 7.962135 -0.119797
v -1.000000 6.014560 -0.574718
v -1.000000 7.507213 1.827778
v -1.000000 5.559639 1.372856
vt 0.748104 0.877018
vt 0.625442 0.999680
vt 0.625442 0.877018
vt 0.750840 0.875006
vt 0.626626 0.750791
vt 0.750840 0.750791
vt 0.624792 0.875246
vt 0.500737 0.751191
vt 0.624792 0.751191
vt 0.874158 0.875380
vt 0.749344 1.000194
vt 0.749344 0.875380
vt 0.874289 0.874923
vt 0.749639 0.750273
vt 0.874289 0.750273
vt 0.998300 0.874639
vt 0.874295 0.750634
vt 0.998300 0.750634
vt 0.748104 0.999680
vt 0.626626 0.875006
vt 0.500737 0.875246
vt 0.874158 1.000194
vt 0.749639 0.874923
vt 0.874295 0.874639
vn 0.0000 0.9738 0.2275
vn 0.0000 -0.2275 0.9738
vn -1.0000 -0.0000 0.0000
vn 0.0000 -0.9738 -0.2275
vn 1.0000 0.0000 0.0000
vn 0.0000 0.2275 -0.9738
usemtl Texture_Test
s off
f 13/25/7 11/26/7 9/27/7
f 11/28/8 16/29/8 12/30/8
f 15/31/9 14/32/9 16/33/9
f 10/34/10 16/35/10 14/36/10
f 9/37/11 12/38/11 10/39/11
f 13/40/12 10/41/12 14/42/12
f 13/25/7 15/43/7 11/26/7
f 11/28/8 15/44/8 16/29/8
f 15/31/9 13/45/9 14/32/9
f 10/34/10 12/46/10 16/35/10
f 9/37/11 11/47/11 12/38/11
f 13/40/12 9/48/12 10/41/12
o Body_Cube.002
v 1.000000 5.789351 -0.236689
v 1.000000 2.789351 -0.236689
v 1.000000 5.789351 0.763311
v 1.000000 2.789351 0.763311
v -1.000000 5.789351 -0.236689
v -1.000000 2.789351 -0.236689
v -1.000000 5.789351 0.763311
v -1.000000 2.789351 0.763311
vt 0.436976 0.438001
vt 0.313244 0.500278
vt 0.313244 0.438001
vt 0.437696 0.437953
vt 0.312640 0.249999
vt 0.437696 0.249999
vt 0.312183 0.437289
vt 0.251093 0.250593
vt 0.312183 0.250593
vt 0.561968 0.438339
vt 0.438265 0.499810
vt 0.438265 0.438339
vt 0.499376 0.437568
vt 0.438677 0.249672
vt 0.499376 0.249672
vt 0.625110 0.437880
vt 0.499250 0.249749
vt 0.625110 0.249749
vt 0.436976 0.500278
vt 0.312640 0.437953
vt 0.251093 0.437289
vt 0.561968 0.499810
vt 0.438677 0.437568
vt 0.499250 0.437880
vn 0.0000 1.0000 0.0000
vn 0.0000 0.0000 1.0000
vn -1.0000 0.0000 0.0000
vn 0.0000 -1.0000 0.0000
vn 1.0000 0.0000 0.0000
vn 0.0000 0.0000 -1.0000
usemtl Texture_Test
s off
f 21/49/13 19/50/13 17/51/13
f 19/52/14 24/53/14 20/54/14
f 23/55/15 22/56/15 24/57/15
f 18/58/16 24/59/16 22/60/16
f 17/61/17 20/62/17 18/63/17
f 21/64/18 18/65/18 22/66/18
f 21/49/13 23/67/13 19/50/13
f 19/52/14 23/68/14 24/53/14
f 23/55/15 21/69/15 22/56/15
f 18/58/16 20/70/16 24/59/16
f 17/61/17 19/71/17 20/62/17
f 21/64/18 17/72/18 18/65/18
o Right_Arm_Cube.003
v -1.100470 5.436299 -0.498843
v -0.693825 3.009850 1.217834
v -1.051848 6.018590 0.312682
v -0.645203 3.592141 2.029360
v -2.090047 5.354121 -0.380588
v -1.683402 2.927672 1.336090
v -2.041425 5.936412 0.430937
v -1.634780 3.509963 2.147615
vt 0.750466 0.437987
vt 0.688708 0.499745
vt 0.688708 0.437987
vt 0.750445 0.436434
vt 0.688938 0.250852
vt 0.750445 0.250852
vt 0.688828 0.437467
vt 0.625651 0.250220
vt 0.688828 0.250220
vt 0.751092 0.437533
vt 0.813451 0.499892
vt 0.751092 0.499892
vt 0.814086 0.250610
vt 0.750685 0.437096
vt 0.750685 0.250610
vt 0.875786 0.251091
vt 0.813937 0.437224
vt 0.813937 0.251091
vt 0.750466 0.499745
vt 0.688938 0.436434
vt 0.625651 0.437467
vt 0.813451 0.437533
vt 0.814086 0.437096
vt 0.875786 0.437224
vn -0.1355 0.8088 -0.5722
vn 0.0486 0.5823 0.8115
vn -0.9896 -0.0822 0.1183
vn 0.1355 -0.8088 0.5722
vn 0.9896 0.0822 -0.1183
vn -0.0486 -0.5823 -0.8115
usemtl Texture_Test
s off
f 29/73/19 27/74/19 25/75/19
f 27/76/20 32/77/20 28/78/20
f 31/79/21 30/80/21 32/81/21
f 30/82/22 28/83/22 32/84/22
f 26/85/23 27/86/23 28/87/23
f 30/88/24 25/89/24 26/90/24
f 29/73/19 31/91/19 27/74/19
f 27/76/20 31/92/20 32/77/20
f 31/79/21 29/93/21 30/80/21
f 30/82/22 26/94/22 28/83/22
f 26/85/23 25/95/23 27/86/23
f 30/88/24 29/96/24 25/89/24
o Left_Leg_Cube.004
v 1.000000 2.860219 -0.165439
v 1.000000 -0.105050 -0.620612
v 1.000000 2.708494 0.822984
v 1.000000 -0.256774 0.367811
v 0.000000 2.860219 -0.165439
v 0.000000 -0.105050 -0.620612
v 0.000000 2.708494 0.822983
v 0.000000 -0.256774 0.367811
vt 0.067263 0.192104
vt 0.123063 0.247904
vt 0.067263 0.247904
vt 0.125948 0.187748
vt 0.063836 0.000539
vt 0.125948 0.000539
vt 0.063642 0.000812
vt 0.000967 0.187226
vt 0.000967 0.000812
vt 0.184512 0.190230
vt 0.130160 0.244581
vt 0.130160 0.190230
vt 0.187955 0.187914
vt 0.126280 0.000912
vt 0.187955 0.000912
vt 0.250462 0.187368
vt 0.188163 -0.000553
vt 0.250462 -0.000553
vt 0.123063 0.192104
vt 0.063836 0.187748
vt 0.063642 0.187226
vt 0.184512 0.244581
vt 0.126280 0.187914
vt 0.188163 0.187368
vn -0.0000 0.9884 0.1517
vn 0.0000 -0.1517 0.9884
vn -1.0000 -0.0000 -0.0000
vn 0.0000 -0.9884 -0.1517
vn 1.0000 0.0000 0.0000
vn 0.0000 0.1517 -0.9884
usemtl Texture_Test
s off
f 33/97/25 39/98/25 35/99/25
f 35/100/26 40/101/26 36/102/26
f 40/103/27 37/104/27 38/105/27
f 34/106/28 40/107/28 38/108/28
f 33/109/29 36/110/29 34/111/29
f 37/112/30 34/113/30 38/114/30
f 33/97/25 37/115/25 39/98/25
f 35/100/26 39/116/26 40/101/26
f 40/103/27 39/117/27 37/104/27
f 34/106/28 36/118/28 40/107/28
f 33/109/29 35/119/29 36/110/29
f 37/112/30 33/120/30 34/113/30
o Right_Leg_Cube.005
v 0.000000 2.858965 -0.169951
v -0.000000 -0.107835 -0.615028
v -0.000000 2.710606 0.818983
v -0.000000 -0.256194 0.373906
v -1.000000 2.858965 -0.169951
v -1.000000 -0.107835 -0.615028
v -1.000000 2.710606 0.818983
v -1.000000 -0.256194 0.373906
vt 0.124537 0.438446
vt 0.062192 0.500791
vt 0.062192 0.438446
vt 0.124958 0.438068
vt 0.061968 0.251142
vt 0.124958 0.251142
vt 0.061660 0.250541
vt 0.000105 0.437761
vt 0.000105 0.250541
vt 0.185021 0.440477
vt 0.126351 0.499147
vt 0.126351 0.440477
vt 0.187055 0.438717
vt 0.125285 0.251184
vt 0.187055 0.251184
vt 0.250234 0.437465
vt 0.187184 0.250093
vt 0.250234 0.250093
vt 0.124537 0.500791
vt 0.061968 0.438068
vt 0.061660 0.437761
vt 0.185021 0.499147
vt 0.125285 0.438717
vt 0.187184 0.437465
vn 0.0000 0.9889 0.1484
vn 0.0000 -0.1484 0.9889
vn -1.0000 0.0000 0.0000
vn 0.0000 -0.9889 -0.1484
vn 1.0000 -0.0000 -0.0000
vn 0.0000 0.1484 -0.9889
usemtl Texture_Test
s off
f 45/121/31 43/122/31 41/123/31
f 43/124/32 48/125/32 44/126/32
f 48/127/33 45/128/33 46/129/33
f 42/130/34 48/131/34 46/132/34
f 41/133/35 44/134/35 42/135/35
f 45/136/36 42/137/36 46/138/36
f 45/121/31 47/139/31 43/122/31
f 43/124/32 47/140/32 48/125/32
f 48/127/33 47/141/33 45/128/33
f 42/130/34 44/142/34 48/131/34
f 41/133/35 43/143/35 44/134/35
f 45/136/36 41/144/36 42/137/36
