# Blender v2.92.0 OBJ File: 'Anim_Death.blend'
# www.blender.org
mtllib Anim_Death_000002.mtl
o Left_Arm_Cube
v 1.684810 6.434825 -0.606025
v 3.153539 3.820982 -0.502764
v 1.684810 6.474299 0.393196
v 3.153539 3.860457 0.496456
v 0.812849 5.945630 -0.586699
v 2.281578 3.331788 -0.483439
v 0.812849 5.985105 0.412522
v 2.281578 3.371262 0.515782
vt 0.875093 0.186814
vt 0.812176 0.249731
vt 0.812176 0.186814
vt 0.874495 0.187259
vt 0.812638 0.000417
vt 0.874495 0.000417
vt 0.812513 0.186575
vt 0.749931 0.000793
vt 0.812513 0.000793
vt 0.875069 0.187278
vt 0.937377 0.249586
vt 0.875069 0.249586
vt 0.936512 0.000111
vt 0.874765 0.186938
vt 0.874765 0.000111
vt 1.000144 -0.000454
vt 0.936967 0.186760
vt 0.936967 -0.000454
vt 0.875093 0.249731
vt 0.812638 0.187259
vt 0.749931 0.186575
vt 0.937377 0.187278
vt 0.936512 0.186938
vt 1.000144 0.186760
vn -0.4896 0.8713 -0.0344
vn 0.0000 0.0395 0.9992
vn -0.8720 -0.4892 0.0193
vn 0.4896 -0.8713 0.0344
vn 0.8720 0.4892 -0.0193
vn -0.0000 -0.0395 -0.9992
usemtl Texture_Test
s off
f 5/1/1 3/2/1 1/3/1
f 3/4/2 8/5/2 4/6/2
f 7/7/3 6/8/3 8/9/3
f 6/10/4 4/11/4 8/12/4
f 2/13/5 3/14/5 4/15/5
f 6/16/6 1/17/6 2/18/6
f 5/1/1 7/19/1 3/2/1
f 3/4/2 7/20/2 8/5/2
f 7/7/3 5/21/3 6/8/3
f 6/10/4 2/22/4 4/11/4
f 2/13/5 1/23/5 3/14/5
f 6/16/6 5/24/6 1/17/6
o Head_Cube.001
v 1.000000 8.227306 -1.177227
v 1.000000 6.228866 -1.098278
v 1.000000 8.306255 0.821214
v 1.000000 6.307814 0.900163
v -1.000000 8.227306 -1.177227
v -1.000000 6.228866 -1.098278
v -1.000000 8.306255 0.821214
v -1.000000 6.307814 0.900163
vt 0.748104 0.877018
vt 0.625442 0.999680
vt 0.625442 0.877018
vt 0.750840 0.875006
vt 0.626626 0.750791
vt 0.750840 0.750791
vt 0.624792 0.875246
vt 0.500737 0.751191
vt 0.624792 0.751191
vt 0.874158 0.875380
vt 0.749344 1.000194
vt 0.749344 0.875380
vt 0.874289 0.750273
vt 0.749639 0.874923
vt 0.749639 0.750273
vt 0.998300 0.874639
vt 0.874295 0.750634
vt 0.998300 0.750634
vt 0.748104 0.999680
vt 0.626626 0.875006
vt 0.500737 0.875246
vt 0.874158 1.000194
vt 0.874289 0.874923
vt 0.874295 0.874639
vn 0.0000 0.9992 -0.0395
vn 0.0000 0.0395 0.9992
vn -1.0000 0.0000 0.0000
vn 0.0000 -0.9992 0.0395
vn 1.0000 -0.0000 0.0000
vn 0.0000 -0.0395 -0.9992
usemtl Texture_Test
s off
f 13/25/7 11/26/7 9/27/7
f 11/28/8 16/29/8 12/30/8
f 15/31/9 14/32/9 16/33/9
f 10/34/10 16/35/10 14/36/10
f 10/37/11 11/38/11 12/39/11
f 13/40/12 10/41/12 14/42/12
f 13/25/7 15/43/7 11/26/7
f 11/28/8 15/44/8 16/29/8
f 15/31/9 13/45/9 14/32/9
f 10/34/10 12/46/10 16/35/10
f 10/37/11 9/47/11 11/38/11
f 13/40/12 9/48/12 10/41/12
o Body_Cube.002
v 1.000000 6.248603 -0.598668
v 1.000000 3.250941 -0.480245
v 1.000000 6.288077 0.400553
v 1.000000 3.290415 0.518976
v -1.000000 6.248603 -0.598668
v -1.000000 3.250941 -0.480245
v -1.000000 6.288077 0.400553
v -1.000000 3.290415 0.518976
vt 0.436976 0.438001
vt 0.313244 0.500278
vt 0.313244 0.438001
vt 0.437696 0.437953
vt 0.312640 0.249999
vt 0.437696 0.249999
vt 0.312183 0.437289
vt 0.251093 0.250593
vt 0.312183 0.250593
vt 0.561968 0.438339
vt 0.438265 0.499810
vt 0.438265 0.438339
vt 0.499376 0.249672
vt 0.438677 0.437568
vt 0.438677 0.249672
vt 0.625110 0.437880
vt 0.499250 0.249749
vt 0.625110 0.249749
vt 0.436976 0.500278
vt 0.312640 0.437953
vt 0.251093 0.437289
vt 0.561968 0.499810
vt 0.499376 0.437568
vt 0.499250 0.437880
vn 0.0000 0.9992 -0.0395
vn 0.0000 0.0395 0.9992
vn -1.0000 0.0000 0.0000
vn 0.0000 -0.9992 0.0395
vn 1.0000 0.0000 0.0000
vn 0.0000 -0.0395 -0.9992
usemtl Texture_Test
s off
f 21/49/13 19/50/13 17/51/13
f 19/52/14 24/53/14 20/54/14
f 23/55/15 22/56/15 24/57/15
f 18/58/16 24/59/16 22/60/16
f 18/61/17 19/62/17 20/63/17
f 21/64/18 18/65/18 22/66/18
f 21/49/13 23/67/13 19/50/13
f 19/52/14 23/68/14 24/53/14
f 23/55/15 21/69/15 22/56/15
f 18/58/16 20/70/16 24/59/16
f 18/61/17 17/71/17 19/62/17
f 21/64/18 17/72/18 18/65/18
o Right_Arm_Cube.003
v -0.802654 5.951213 -0.586919
v -2.272627 3.338069 -0.483687
v -0.802654 5.990687 0.412301
v -2.272627 3.377543 0.515533
v -1.674381 6.440822 -0.606261
v -3.144354 3.827678 -0.503029
v -1.674381 6.480296 0.392959
v -3.144354 3.867152 0.496191
vt 0.688708 0.437987
vt 0.750466 0.499745
vt 0.688708 0.499745
vt 0.750445 0.250852
vt 0.688938 0.436434
vt 0.688938 0.250852
vt 0.688828 0.437467
vt 0.625651 0.250220
vt 0.688828 0.250220
vt 0.813451 0.437533
vt 0.751092 0.499892
vt 0.751092 0.437533
vt 0.814086 0.250610
vt 0.750685 0.437096
vt 0.750685 0.250610
vt 0.875786 0.437224
vt 0.813937 0.251091
vt 0.875786 0.251091
vt 0.750466 0.437987
vt 0.750445 0.436434
vt 0.625651 0.437467
vt 0.813451 0.499892
vt 0.814086 0.437096
vt 0.813937 0.437224
vn 0.4900 0.8710 -0.0344
vn 0.0000 0.0395 0.9992
vn -0.8717 0.4896 -0.0193
vn -0.4900 -0.8710 0.0344
vn 0.8717 -0.4896 0.0193
vn -0.0000 -0.0395 -0.9992
usemtl Texture_Test
s off
f 25/73/19 31/74/19 27/75/19
f 28/76/20 31/77/20 32/78/20
f 31/79/21 30/80/21 32/81/21
f 26/82/22 32/83/22 30/84/22
f 26/85/23 27/86/23 28/87/23
f 29/88/24 26/89/24 30/90/24
f 25/73/19 29/91/19 31/74/19
f 28/76/20 27/92/20 31/77/20
f 31/79/21 29/93/21 30/80/21
f 26/82/22 28/94/22 32/83/22
f 26/85/23 25/95/23 27/86/23
f 29/88/24 25/96/24 26/89/24
o Left_Leg_Cube.004
v 0.963087 3.180518 -0.562830
v 1.004970 0.225024 -0.049703
v 1.023206 3.352095 0.420505
v 1.065089 0.396600 0.933632
v -0.035007 3.177073 -0.501208
v 0.006877 0.221578 0.011919
v 0.025112 3.348649 0.482127
v 0.066995 0.393155 0.995254
vt 0.123063 0.192104
vt 0.067263 0.247904
vt 0.067263 0.192104
vt 0.125948 0.187748
vt 0.063836 0.000539
vt 0.125948 0.000539
vt 0.063642 0.187226
vt 0.000967 0.000812
vt 0.063642 0.000812
vt 0.130160 0.190230
vt 0.184512 0.244581
vt 0.130160 0.244581
vt 0.187955 0.000912
vt 0.126280 0.187914
vt 0.126280 0.000912
vt 0.250462 -0.000553
vt 0.188163 0.187368
vt 0.188163 -0.000553
vt 0.123063 0.247904
vt 0.063836 0.187748
vt 0.000967 0.187226
vt 0.184512 0.190230
vt 0.187955 0.187914
vt 0.250462 0.187368
vn -0.0140 0.9852 -0.1710
vn 0.0601 0.1716 0.9833
vn -0.9981 -0.0034 0.0616
vn 0.0140 -0.9852 0.1710
vn 0.9981 0.0034 -0.0616
vn -0.0601 -0.1716 -0.9833
usemtl Texture_Test
s off
f 37/97/25 35/98/25 33/99/25
f 35/100/26 40/101/26 36/102/26
f 39/103/27 38/104/27 40/105/27
f 38/106/28 36/107/28 40/108/28
f 34/109/29 35/110/29 36/111/29
f 38/112/30 33/113/30 34/114/30
f 37/97/25 39/115/25 35/98/25
f 35/100/26 39/116/26 40/101/26
f 39/103/27 37/117/27 38/104/27
f 38/106/28 34/118/28 36/107/28
f 34/109/29 33/119/29 35/110/29
f 38/112/30 37/120/30 33/113/30
o Right_Leg_Cube.005
v 0.028810 3.176692 -0.510062
v -0.009410 0.221707 0.006278
v -0.019509 3.349224 0.473756
v -0.057729 0.394240 0.990096
v -0.969941 3.180909 -0.559853
v -1.008161 0.225925 -0.043513
v -1.018259 3.353442 0.423965
v -1.056479 0.398458 0.940305
vt 0.062192 0.438446
vt 0.124537 0.500791
vt 0.062192 0.500791
vt 0.124958 0.251142
vt 0.061968 0.438068
vt 0.061968 0.251142
vt 0.061660 0.437761
vt 0.000105 0.250541
vt 0.061660 0.250541
vt 0.185021 0.440477
vt 0.126351 0.499147
vt 0.126351 0.440477
vt 0.187055 0.251184
vt 0.125285 0.438717
vt 0.125285 0.251184
vt 0.250234 0.437465
vt 0.187184 0.250093
vt 0.250234 0.250093
vt 0.124537 0.438446
vt 0.124958 0.438068
vt 0.000105 0.437761
vt 0.185021 0.499147
vt 0.187055 0.438717
vt 0.187184 0.437465
vn 0.0127 0.9850 -0.1721
vn -0.0483 0.1725 0.9838
vn -0.9988 0.0042 -0.0498
vn -0.0127 -0.9850 0.1721
vn 0.9988 -0.0042 0.0498
vn 0.0483 -0.1725 -0.9838
usemtl Texture_Test
s off
f 41/121/31 47/122/31 43/123/31
f 44/124/32 47/125/32 48/126/32
f 47/127/33 46/128/33 48/129/33
f 42/130/34 48/131/34 46/132/34
f 42/133/35 43/134/35 44/135/35
f 45/136/36 42/137/36 46/138/36
f 41/121/31 45/139/31 47/122/31
f 44/124/32 43/140/32 47/125/32
f 47/127/33 45/141/33 46/128/33
f 42/130/34 44/142/34 48/131/34
f 42/133/35 41/143/35 43/134/35
f 45/136/36 41/144/36 42/137/36
o Cube_Cube.006
v 21.206566 -2.369950 -6.030243
v 21.206566 2.369950 -6.030243
v 21.206566 -2.369950 3.445486
v 21.206566 2.369950 3.445486
v 29.140617 -2.369950 -6.030243
v 29.140617 2.369950 -6.030243
v 29.140617 -2.369950 3.445486
v 29.140617 2.369950 3.445486
vt 0.625000 0.000000
vt 0.375000 0.000000
vt 0.375000 0.250000
vt 0.625000 0.250000
vt 0.375000 0.500000
vt 0.625000 0.500000
vt 0.375000 0.750000
vt 0.625000 0.750000
vt 0.375000 1.000000
vt 0.125000 0.500000
vt 0.125000 0.750000
vt 0.875000 0.500000
vt 0.625000 1.000000
vt 0.875000 0.750000
vn -1.0000 0.0000 0.0000
vn 0.0000 0.0000 1.0000
vn 1.0000 0.0000 0.0000
vn 0.0000 0.0000 -1.0000
vn 0.0000 -1.0000 0.0000
vn 0.0000 1.0000 0.0000
usemtl None
s off
f 50/145/37 49/146/37 51/147/37
f 52/148/38 51/147/38 55/149/38
f 56/150/39 55/149/39 53/151/39
f 54/152/40 53/151/40 49/153/40
f 55/149/41 51/154/41 49/155/41
f 52/156/42 56/150/42 54/152/42
f 50/145/37 51/147/37 52/148/37
f 52/148/38 55/149/38 56/150/38
f 56/150/39 53/151/39 54/152/39
f 54/152/40 49/153/40 50/157/40
f 55/149/41 49/155/41 53/151/41
f 52/156/42 54/152/42 50/158/42
