# Blender v2.92.0 OBJ File: 'Anim_Death.blend'
# www.blender.org
mtllib Anim_Death_000015.mtl
o Left_Arm_Cube
v 1.713992 2.955726 -2.235404
v 3.094338 5.494308 -1.429026
v 1.701895 3.264415 -3.186490
v 3.082241 5.802998 -2.380112
v 0.826215 3.390083 -2.083135
v 2.206562 5.928666 -1.276757
v 0.814118 3.698772 -3.034220
v 2.194464 6.237355 -2.227843
vt 0.812176 0.186814
vt 0.875093 0.249731
vt 0.812176 0.249731
vt 0.874495 0.187259
vt 0.812638 0.000417
vt 0.874495 0.000417
vt 0.812513 0.000793
vt 0.749931 0.186575
vt 0.749931 0.000793
vt 0.937377 0.187278
vt 0.875069 0.249586
vt 0.875069 0.187278
vt 0.936512 0.186938
vt 0.874765 0.000111
vt 0.936512 0.000111
vt 1.000144 -0.000454
vt 0.936967 0.186760
vt 0.936967 -0.000454
vt 0.875093 0.186814
vt 0.812638 0.187259
vt 0.812513 0.186575
vt 0.937377 0.249586
vt 0.874765 0.186938
vt 1.000144 0.186760
vn -0.4601 -0.8462 -0.2688
vn -0.0121 0.3087 -0.9511
vn -0.8878 0.4344 0.1523
vn 0.4601 0.8462 0.2688
vn 0.8878 -0.4344 -0.1523
vn 0.0121 -0.3087 0.9511
usemtl Texture_Test
s off
f 1/1/1 7/2/1 3/3/1
f 3/4/2 8/5/2 4/6/2
f 8/7/3 5/8/3 6/9/3
f 2/10/4 8/11/4 6/12/4
f 1/13/5 4/14/5 2/15/5
f 6/16/6 1/17/6 2/18/6
f 1/1/1 5/19/1 7/2/1
f 3/4/2 7/20/2 8/5/2
f 8/7/3 7/21/3 5/8/3
f 2/10/4 4/22/4 8/11/4
f 1/13/5 3/23/5 4/14/5
f 6/16/6 5/24/6 1/17/6
o Head_Cube.001
v 0.999999 3.413889 -5.174259
v 0.999999 2.920798 -3.235996
v 0.999999 5.352152 -4.681168
v 0.999999 4.859061 -2.742906
v -1.000001 3.413889 -5.174259
v -1.000001 2.920798 -3.235996
v -1.000001 5.352152 -4.681169
v -1.000001 4.859061 -2.742906
vt 0.625442 0.877018
vt 0.748104 0.999680
vt 0.625442 0.999680
vt 0.750840 0.875006
vt 0.626626 0.750791
vt 0.750840 0.750791
vt 0.624792 0.751191
vt 0.500737 0.875246
vt 0.500737 0.751191
vt 0.874158 0.875380
vt 0.749344 1.000194
vt 0.749344 0.875380
vt 0.874289 0.874923
vt 0.749639 0.750273
vt 0.874289 0.750273
vt 0.998300 0.874639
vt 0.874295 0.750634
vt 0.998300 0.750634
vt 0.748104 0.877018
vt 0.626626 0.875006
vt 0.624792 0.875246
vt 0.874158 1.000194
vt 0.749639 0.874923
vt 0.874295 0.874639
vn 0.0000 0.2465 -0.9691
vn 0.0000 0.9691 0.2465
vn -1.0000 0.0000 0.0000
vn 0.0000 -0.2465 0.9691
vn 1.0000 0.0000 0.0000
vn 0.0000 -0.9691 -0.2465
usemtl Texture_Test
s off
f 9/25/7 15/26/7 11/27/7
f 11/28/8 16/29/8 12/30/8
f 16/31/9 13/32/9 14/33/9
f 10/34/10 16/35/10 14/36/10
f 9/37/11 12/38/11 10/39/11
f 13/40/12 10/41/12 14/42/12
f 9/25/7 13/43/7 15/26/7
f 11/28/8 15/44/8 16/29/8
f 16/31/9 15/45/9 13/32/9
f 10/34/10 12/46/10 16/35/10
f 9/37/11 11/47/11 12/38/11
f 13/40/12 9/48/12 10/41/12
o Body_Cube.002
v 0.999999 3.405364 -3.112724
v 0.999999 2.665728 -0.205330
v 0.999999 4.374496 -2.866179
v 0.999999 3.634860 0.041215
v -1.000001 3.405364 -3.112724
v -1.000001 2.665728 -0.205330
v -1.000001 4.374496 -2.866179
v -1.000001 3.634860 0.041215
vt 0.436976 0.438001
vt 0.313244 0.500278
vt 0.313244 0.438001
vt 0.437696 0.437953
vt 0.312640 0.249999
vt 0.437696 0.249999
vt 0.312183 0.437289
vt 0.251093 0.250593
vt 0.312183 0.250593
vt 0.561968 0.438339
vt 0.438265 0.499810
vt 0.438265 0.438339
vt 0.499376 0.249672
vt 0.438677 0.437568
vt 0.438677 0.249672
vt 0.625110 0.437880
vt 0.499250 0.249749
vt 0.625110 0.249749
vt 0.436976 0.500278
vt 0.312640 0.437953
vt 0.251093 0.437289
vt 0.561968 0.499810
vt 0.499376 0.437568
vt 0.499250 0.437880
vn 0.0000 0.2465 -0.9691
vn 0.0000 0.9691 0.2465
vn -1.0000 -0.0000 0.0000
vn 0.0000 -0.2465 0.9691
vn 1.0000 0.0000 0.0000
vn 0.0000 -0.9691 -0.2465
usemtl Texture_Test
s off
f 21/49/13 19/50/13 17/51/13
f 19/52/14 24/53/14 20/54/14
f 23/55/15 22/56/15 24/57/15
f 18/58/16 24/59/16 22/60/16
f 18/61/17 19/62/17 20/63/17
f 21/64/18 18/65/18 22/66/18
f 21/49/13 23/67/13 19/50/13
f 19/52/14 23/68/14 24/53/14
f 23/55/15 21/69/15 22/56/15
f 18/58/16 20/70/16 24/59/16
f 18/61/17 17/71/17 19/62/17
f 21/64/18 17/72/18 18/65/18
o Right_Arm_Cube.003
v -0.844988 3.293005 -2.107995
v -1.890523 5.965705 -1.234196
v -0.847474 3.602874 -3.058771
v -1.893010 6.275574 -2.184973
v -1.782289 2.960924 -2.213773
v -2.827825 5.633624 -1.339974
v -1.784775 3.270793 -3.164549
v -2.830311 5.943494 -2.290751
vt 0.750466 0.437987
vt 0.688708 0.499745
vt 0.688708 0.437987
vt 0.750445 0.250852
vt 0.688938 0.436434
vt 0.688938 0.250852
vt 0.688828 0.250220
vt 0.625651 0.437467
vt 0.625651 0.250220
vt 0.751092 0.437533
vt 0.813451 0.499892
vt 0.751092 0.499892
vt 0.814086 0.437096
vt 0.750685 0.250610
vt 0.814086 0.250610
vt 0.875786 0.437224
vt 0.813937 0.251091
vt 0.875786 0.251091
vt 0.750466 0.499745
vt 0.750445 0.436434
vt 0.688828 0.437467
vt 0.813451 0.437533
vt 0.750685 0.437096
vt 0.813937 0.437224
vn 0.3485 -0.8909 -0.2913
vn -0.0025 0.3099 -0.9508
vn -0.9373 -0.3321 -0.1058
vn -0.3485 0.8909 0.2913
vn 0.9373 0.3321 0.1058
vn 0.0025 -0.3099 0.9508
usemtl Texture_Test
s off
f 29/73/19 27/74/19 25/75/19
f 28/76/20 31/77/20 32/78/20
f 32/79/21 29/80/21 30/81/21
f 30/82/22 28/83/22 32/84/22
f 25/85/23 28/86/23 26/87/23
f 29/88/24 26/89/24 30/90/24
f 29/73/19 31/91/19 27/74/19
f 28/76/20 27/92/20 31/77/20
f 32/79/21 31/93/21 29/80/21
f 30/82/22 26/94/22 28/83/22
f 25/85/23 27/95/23 28/86/23
f 29/88/24 25/96/24 26/89/24
o Left_Leg_Cube.004
v 0.544992 2.282742 0.145869
v 2.189344 3.285613 2.445946
v 0.803783 3.086633 -0.389655
v 2.448135 4.089504 1.910423
v -0.250366 2.774684 0.499984
v 1.393986 3.777555 2.800061
v 0.008425 3.578576 -0.035539
v 1.652778 4.581447 2.264538
vt 0.067263 0.192104
vt 0.123063 0.247904
vt 0.067263 0.247904
vt 0.125948 0.187748
vt 0.063836 0.000539
vt 0.125948 0.000539
vt 0.063642 0.000812
vt 0.000967 0.187226
vt 0.000967 0.000812
vt 0.184512 0.190230
vt 0.130160 0.244581
vt 0.130160 0.190230
vt 0.187955 0.187914
vt 0.126280 0.000912
vt 0.187955 0.000912
vt 0.250462 -0.000553
vt 0.188163 0.187368
vt 0.188163 -0.000553
vt 0.123063 0.192104
vt 0.063836 0.187748
vt 0.063642 0.187226
vt 0.184512 0.244581
vt 0.126280 0.187914
vt 0.250462 0.187368
vn -0.5481 -0.3343 -0.7667
vn 0.2588 0.8039 -0.5355
vn -0.7954 0.4919 0.3541
vn 0.5481 0.3343 0.7667
vn 0.7954 -0.4919 -0.3541
vn -0.2588 -0.8039 0.5355
usemtl Texture_Test
s off
f 33/97/25 39/98/25 35/99/25
f 35/100/26 40/101/26 36/102/26
f 40/103/27 37/104/27 38/105/27
f 34/106/28 40/107/28 38/108/28
f 33/109/29 36/110/29 34/111/29
f 38/112/30 33/113/30 34/114/30
f 33/97/25 37/115/25 39/98/25
f 35/100/26 39/116/26 40/101/26
f 40/103/27 39/117/27 37/104/27
f 34/106/28 36/118/28 40/107/28
f 33/109/29 35/119/29 36/110/29
f 38/112/30 37/120/30 33/113/30
o Right_Leg_Cube.005
v 0.226749 2.667900 0.413274
v -1.166163 3.754595 2.837916
v 0.022394 3.512001 -0.082440
v -1.370518 4.598695 2.342202
v -0.635029 2.272576 0.095378
v -2.027941 3.359270 2.520020
v -0.839383 3.116677 -0.400336
v -2.232295 4.203372 2.024306
vt 0.124537 0.438446
vt 0.062192 0.500791
vt 0.062192 0.438446
vt 0.124958 0.251142
vt 0.061968 0.438068
vt 0.061968 0.251142
vt 0.061660 0.250541
vt 0.000105 0.437761
vt 0.000105 0.250541
vt 0.126351 0.440477
vt 0.185021 0.499147
vt 0.126351 0.499147
vt 0.187055 0.438717
vt 0.125285 0.251184
vt 0.187055 0.251184
vt 0.250234 0.437465
vt 0.187184 0.250093
vt 0.250234 0.250093
vt 0.124537 0.500791
vt 0.124958 0.438068
vt 0.061660 0.437761
vt 0.185021 0.440477
vt 0.125285 0.438717
vt 0.187184 0.437465
vn 0.4643 -0.3622 -0.8082
vn -0.2044 0.8441 -0.4957
vn -0.8618 -0.3953 -0.3179
vn -0.4643 0.3622 0.8082
vn 0.8618 0.3953 0.3179
vn 0.2044 -0.8441 0.4957
usemtl Texture_Test
s off
f 45/121/31 43/122/31 41/123/31
f 44/124/32 47/125/32 48/126/32
f 48/127/33 45/128/33 46/129/33
f 46/130/34 44/131/34 48/132/34
f 41/133/35 44/134/35 42/135/35
f 45/136/36 42/137/36 46/138/36
f 45/121/31 47/139/31 43/122/31
f 44/124/32 43/140/32 47/125/32
f 48/127/33 47/141/33 45/128/33
f 46/130/34 42/142/34 44/131/34
f 41/133/35 43/143/35 44/134/35
f 45/136/36 41/144/36 42/137/36
o Cube_Cube.006
v 21.206566 -2.369950 -6.030243
v 21.206566 2.369950 -6.030243
v 21.206566 -2.369950 3.445486
v 21.206566 2.369950 3.445486
v 29.140617 -2.369950 -6.030243
v 29.140617 2.369950 -6.030243
v 29.140617 -2.369950 3.445486
v 29.140617 2.369950 3.445486
vt 0.625000 0.000000
vt 0.375000 0.000000
vt 0.375000 0.250000
vt 0.625000 0.250000
vt 0.375000 0.500000
vt 0.625000 0.500000
vt 0.375000 0.750000
vt 0.625000 0.750000
vt 0.375000 1.000000
vt 0.125000 0.500000
vt 0.125000 0.750000
vt 0.875000 0.500000
vt 0.625000 1.000000
vt 0.875000 0.750000
vn -1.0000 0.0000 0.0000
vn 0.0000 0.0000 1.0000
vn 1.0000 0.0000 0.0000
vn 0.0000 0.0000 -1.0000
vn 0.0000 -1.0000 0.0000
vn 0.0000 1.0000 0.0000
usemtl None
s off
f 50/145/37 49/146/37 51/147/37
f 52/148/38 51/147/38 55/149/38
f 56/150/39 55/149/39 53/151/39
f 54/152/40 53/151/40 49/153/40
f 55/149/41 51/154/41 49/155/41
f 52/156/42 56/150/42 54/152/42
f 50/145/37 51/147/37 52/148/37
f 52/148/38 55/149/38 56/150/38
f 56/150/39 53/151/39 54/152/39
f 54/152/40 49/153/40 50/157/40
f 55/149/41 49/155/41 53/151/41
f 52/156/42 54/152/42 50/158/42
