# Blender v2.92.0 OBJ File: 'Anim_Death.blend'
# www.blender.org
mtllib Anim_Death_000007.mtl
o Left_Arm_Cube
v 0.889975 7.985410 -0.859486
v 3.559269 8.083460 -2.225229
v 1.323244 7.611295 -0.039538
v 3.992538 7.709345 -1.405280
v 0.746458 7.058604 -1.206521
v 3.415753 7.156654 -2.572264
v 1.179727 6.684489 -0.386573
v 3.849021 6.782539 -1.752315
vt 0.812176 0.186814
vt 0.875093 0.249731
vt 0.812176 0.249731
vt 0.874495 0.000417
vt 0.812638 0.187259
vt 0.812638 0.000417
vt 0.812513 0.186575
vt 0.749931 0.000793
vt 0.812513 0.000793
vt 0.937377 0.187278
vt 0.875069 0.249586
vt 0.875069 0.187278
vt 0.936512 0.000111
vt 0.874765 0.186938
vt 0.874765 0.000111
vt 1.000144 0.186760
vt 0.936967 -0.000454
vt 1.000144 -0.000454
vt 0.875093 0.186814
vt 0.874495 0.187259
vt 0.749931 0.186575
vt 0.937377 0.249586
vt 0.936512 0.186938
vt 0.936967 0.186760
vn -0.8898 -0.0327 0.4552
vn 0.4333 -0.3741 0.8199
vn -0.1435 -0.9268 -0.3470
vn 0.8898 0.0327 -0.4552
vn 0.1435 0.9268 0.3470
vn -0.4333 0.3741 -0.8199
usemtl Texture_Test
s off
f 1/1/1 7/2/1 3/3/1
f 4/4/2 7/5/2 8/6/2
f 7/7/3 6/8/3 8/9/3
f 2/10/4 8/11/4 6/12/4
f 2/13/5 3/14/5 4/15/5
f 5/16/6 2/17/6 6/18/6
f 1/1/1 5/19/1 7/2/1
f 4/4/2 3/20/2 7/5/2
f 7/7/3 5/21/3 6/8/3
f 2/10/4 4/22/4 8/11/4
f 2/13/5 1/23/5 3/14/5
f 5/16/6 1/24/6 2/17/6
o Head_Cube.001
v 1.000002 9.217865 -2.800352
v 1.000002 7.393544 -1.980687
v 1.000002 10.037531 -0.976031
v 1.000002 8.213209 -0.156366
v -0.999998 9.217865 -2.800352
v -0.999998 7.393544 -1.980687
v -0.999998 10.037531 -0.976031
v -0.999998 8.213209 -0.156366
vt 0.748104 0.877018
vt 0.625442 0.999680
vt 0.625442 0.877018
vt 0.750840 0.875006
vt 0.626626 0.750791
vt 0.750840 0.750791
vt 0.624792 0.751191
vt 0.500737 0.875246
vt 0.500737 0.751191
vt 0.874158 0.875380
vt 0.749344 1.000194
vt 0.749344 0.875380
vt 0.874289 0.874923
vt 0.749639 0.750273
vt 0.874289 0.750273
vt 0.998300 0.874639
vt 0.874295 0.750634
vt 0.998300 0.750634
vt 0.748104 0.999680
vt 0.626626 0.875006
vt 0.624792 0.875246
vt 0.874158 1.000194
vt 0.749639 0.874923
vt 0.874295 0.874639
vn 0.0000 0.9122 -0.4098
vn 0.0000 0.4098 0.9122
vn -1.0000 -0.0000 0.0000
vn 0.0000 -0.9122 0.4098
vn 1.0000 0.0000 0.0000
vn 0.0000 -0.4098 -0.9122
usemtl Texture_Test
s off
f 13/25/7 11/26/7 9/27/7
f 11/28/8 16/29/8 12/30/8
f 16/31/9 13/32/9 14/33/9
f 10/34/10 16/35/10 14/36/10
f 9/37/11 12/38/11 10/39/11
f 13/40/12 10/41/12 14/42/12
f 13/25/7 15/43/7 11/26/7
f 11/28/8 15/44/8 16/29/8
f 16/31/9 15/45/9 13/32/9
f 10/34/10 12/46/10 16/35/10
f 9/37/11 11/47/11 12/38/11
f 13/40/12 9/48/12 10/41/12
o Body_Cube.002
v 1.000002 7.598460 -1.524607
v 1.000002 4.861978 -0.295109
v 1.000002 8.008293 -0.612446
v 1.000002 5.271811 0.617052
v -0.999998 7.598460 -1.524607
v -0.999998 4.861978 -0.295109
v -0.999998 8.008293 -0.612446
v -0.999998 5.271811 0.617052
vt 0.436976 0.438001
vt 0.313244 0.500278
vt 0.313244 0.438001
vt 0.437696 0.437953
vt 0.312640 0.249999
vt 0.437696 0.249999
vt 0.312183 0.437289
vt 0.251093 0.250593
vt 0.312183 0.250593
vt 0.561968 0.438339
vt 0.438265 0.499810
vt 0.438265 0.438339
vt 0.499376 0.249672
vt 0.438677 0.437568
vt 0.438677 0.249672
vt 0.625110 0.437880
vt 0.499250 0.249749
vt 0.625110 0.249749
vt 0.436976 0.500278
vt 0.312640 0.437953
vt 0.251093 0.437289
vt 0.561968 0.499810
vt 0.499376 0.437568
vt 0.499250 0.437880
vn 0.0000 0.9122 -0.4098
vn 0.0000 0.4098 0.9122
vn -1.0000 0.0000 0.0000
vn 0.0000 -0.9122 0.4098
vn 1.0000 0.0000 0.0000
vn 0.0000 -0.4098 -0.9122
usemtl Texture_Test
s off
f 21/49/13 19/50/13 17/51/13
f 19/52/14 24/53/14 20/54/14
f 23/55/15 22/56/15 24/57/15
f 18/58/16 24/59/16 22/60/16
f 18/61/17 19/62/17 20/63/17
f 21/64/18 18/65/18 22/66/18
f 21/49/13 23/67/13 19/50/13
f 19/52/14 23/68/14 24/53/14
f 23/55/15 21/69/15 22/56/15
f 18/58/16 20/70/16 24/59/16
f 18/61/17 17/71/17 19/62/17
f 21/64/18 17/72/18 18/65/18
o Right_Arm_Cube.003
v -1.337488 6.520747 -0.562112
v -3.715850 8.277132 -0.053681
v -0.729409 7.299461 -0.407696
v -3.107771 9.055846 0.100735
v -1.379057 6.746222 -1.535474
v -3.757419 8.502607 -1.027043
v -0.770978 7.524936 -1.381057
v -3.149341 9.281322 -0.872626
vt 0.688708 0.437987
vt 0.750466 0.499745
vt 0.688708 0.499745
vt 0.750445 0.436434
vt 0.688938 0.250852
vt 0.750445 0.250852
vt 0.688828 0.250220
vt 0.625651 0.437467
vt 0.625651 0.250220
vt 0.813451 0.437533
vt 0.751092 0.499892
vt 0.751092 0.437533
vt 0.814086 0.437096
vt 0.750685 0.250610
vt 0.814086 0.250610
vt 0.875786 0.251091
vt 0.813937 0.437224
vt 0.813937 0.251091
vt 0.750466 0.437987
vt 0.688938 0.436434
vt 0.688828 0.437467
vt 0.813451 0.499892
vt 0.750685 0.437096
vt 0.875786 0.437224
vn 0.7928 -0.5855 -0.1695
vn 0.6081 0.7787 0.1544
vn -0.0416 0.2255 -0.9734
vn -0.7928 0.5855 0.1695
vn 0.0416 -0.2255 0.9734
vn -0.6081 -0.7787 -0.1544
usemtl Texture_Test
s off
f 25/73/19 31/74/19 27/75/19
f 27/76/20 32/77/20 28/78/20
f 32/79/21 29/80/21 30/81/21
f 26/82/22 32/83/22 30/84/22
f 25/85/23 28/86/23 26/87/23
f 30/88/24 25/89/24 26/90/24
f 25/73/19 29/91/19 31/74/19
f 27/76/20 31/92/20 32/77/20
f 32/79/21 31/93/21 29/80/21
f 26/82/22 28/94/22 32/83/22
f 25/85/23 27/95/23 28/86/23
f 30/88/24 29/96/24 25/89/24
o Left_Leg_Cube.004
v 0.639176 4.103688 -0.236917
v 1.649251 3.829298 2.574570
v 0.967848 5.047776 -0.262859
v 1.977924 4.773386 2.548628
v -0.243214 4.420442 0.111011
v 0.766861 4.146052 2.922498
v 0.085458 5.364530 0.085069
v 1.095533 5.090140 2.896556
vt 0.067263 0.192104
vt 0.123063 0.247904
vt 0.067263 0.247904
vt 0.125948 0.000539
vt 0.063836 0.187748
vt 0.063836 0.000539
vt 0.063642 0.187226
vt 0.000967 0.000812
vt 0.063642 0.000812
vt 0.184512 0.190230
vt 0.130160 0.244581
vt 0.130160 0.190230
vt 0.187955 0.000912
vt 0.126280 0.187914
vt 0.126280 0.000912
vt 0.250462 0.187368
vt 0.188163 -0.000553
vt 0.250462 -0.000553
vt 0.123063 0.192104
vt 0.125948 0.187748
vt 0.000967 0.187226
vt 0.184512 0.244581
vt 0.187955 0.187914
vt 0.188163 0.187368
vn -0.3367 0.0915 -0.9372
vn 0.3287 0.9441 -0.0259
vn -0.8824 0.3168 0.3479
vn 0.3367 -0.0915 0.9372
vn 0.8824 -0.3168 -0.3479
vn -0.3287 -0.9441 0.0259
usemtl Texture_Test
s off
f 33/97/25 39/98/25 35/99/25
f 36/100/26 39/101/26 40/102/26
f 39/103/27 38/104/27 40/105/27
f 34/106/28 40/107/28 38/108/28
f 34/109/29 35/110/29 36/111/29
f 37/112/30 34/113/30 38/114/30
f 33/97/25 37/115/25 39/98/25
f 36/100/26 35/116/26 39/101/26
f 39/103/27 37/117/27 38/104/27
f 34/106/28 36/118/28 40/107/28
f 34/109/29 33/119/29 35/110/29
f 37/112/30 33/120/30 34/113/30
o Right_Leg_Cube.005
v 0.210076 4.361851 0.045590
v -0.639557 4.128116 2.913253
v -0.051245 5.327103 0.046841
v -0.900879 5.093367 2.914503
v -0.712693 4.112411 -0.248140
v -1.562326 3.878675 2.619523
v -0.974014 5.077662 -0.246890
v -1.823647 4.843926 2.620773
vt 0.124537 0.438446
vt 0.062192 0.500791
vt 0.062192 0.438446
vt 0.124958 0.438068
vt 0.061968 0.251142
vt 0.124958 0.251142
vt 0.061660 0.437761
vt 0.000105 0.250541
vt 0.061660 0.250541
vt 0.126351 0.440477
vt 0.185021 0.499147
vt 0.126351 0.499147
vt 0.187055 0.251184
vt 0.125285 0.438717
vt 0.125285 0.251184
vt 0.250234 0.250093
vt 0.187184 0.437465
vt 0.187184 0.250093
vt 0.124537 0.500791
vt 0.061968 0.438068
vt 0.000105 0.437761
vt 0.185021 0.440477
vt 0.187055 0.438717
vt 0.250234 0.437465
vn 0.2832 0.0779 -0.9559
vn -0.2613 0.9653 0.0013
vn -0.9228 -0.2494 -0.2937
vn -0.2832 -0.0779 0.9559
vn 0.9228 0.2494 0.2937
vn 0.2613 -0.9653 -0.0013
usemtl Texture_Test
s off
f 45/121/31 43/122/31 41/123/31
f 43/124/32 48/125/32 44/126/32
f 47/127/33 46/128/33 48/129/33
f 46/130/34 44/131/34 48/132/34
f 42/133/35 43/134/35 44/135/35
f 46/136/36 41/137/36 42/138/36
f 45/121/31 47/139/31 43/122/31
f 43/124/32 47/140/32 48/125/32
f 47/127/33 45/141/33 46/128/33
f 46/130/34 42/142/34 44/131/34
f 42/133/35 41/143/35 43/134/35
f 46/136/36 45/144/36 41/137/36
o Cube_Cube.006
v 21.206566 -2.369950 -6.030243
v 21.206566 2.369950 -6.030243
v 21.206566 -2.369950 3.445486
v 21.206566 2.369950 3.445486
v 29.140617 -2.369950 -6.030243
v 29.140617 2.369950 -6.030243
v 29.140617 -2.369950 3.445486
v 29.140617 2.369950 3.445486
vt 0.625000 0.000000
vt 0.375000 0.000000
vt 0.375000 0.250000
vt 0.625000 0.250000
vt 0.375000 0.500000
vt 0.625000 0.500000
vt 0.375000 0.750000
vt 0.625000 0.750000
vt 0.375000 1.000000
vt 0.125000 0.500000
vt 0.125000 0.750000
vt 0.875000 0.500000
vt 0.625000 1.000000
vt 0.875000 0.750000
vn -1.0000 0.0000 0.0000
vn 0.0000 0.0000 1.0000
vn 1.0000 0.0000 0.0000
vn 0.0000 0.0000 -1.0000
vn 0.0000 -1.0000 0.0000
vn 0.0000 1.0000 0.0000
usemtl None
s off
f 50/145/37 49/146/37 51/147/37
f 52/148/38 51/147/38 55/149/38
f 56/150/39 55/149/39 53/151/39
f 54/152/40 53/151/40 49/153/40
f 55/149/41 51/154/41 49/155/41
f 52/156/42 56/150/42 54/152/42
f 50/145/37 51/147/37 52/148/37
f 52/148/38 55/149/38 56/150/38
f 56/150/39 53/151/39 54/152/39
f 54/152/40 49/153/40 50/157/40
f 55/149/41 49/155/41 53/151/41
f 52/156/42 54/152/42 50/158/42
