# Blender v2.92.0 OBJ File: 'Anim_Death.blend'
# www.blender.org
mtllib Anim_Death_000004.mtl
o Left_Arm_Cube
v 1.115329 6.921527 -0.890687
v 4.027180 6.207707 -0.783041
v 1.115329 7.070644 0.098132
v 4.027180 6.356824 0.205779
v 0.874699 5.961762 -0.745952
v 3.786550 5.247943 -0.638306
v 0.874698 6.110878 0.242867
v 3.786550 5.397060 0.350514
vt 0.875093 0.186814
vt 0.812176 0.249731
vt 0.812176 0.186814
vt 0.874495 0.187259
vt 0.812638 0.000417
vt 0.874495 0.000417
vt 0.812513 0.186575
vt 0.749931 0.000793
vt 0.812513 0.000793
vt 0.875069 0.187278
vt 0.937377 0.249586
vt 0.875069 0.249586
vt 0.936512 0.000111
vt 0.874765 0.186938
vt 0.874765 0.000111
vt 1.000144 -0.000454
vt 0.936967 0.186760
vt 0.936967 -0.000454
vt 0.875093 0.249731
vt 0.812638 0.187259
vt 0.749931 0.186575
vt 0.937377 0.187278
vt 0.936512 0.186938
vt 1.000144 0.186760
vn -0.9706 0.2379 -0.0359
vn -0.0000 0.1491 0.9888
vn -0.2406 -0.9598 0.1447
vn 0.9706 -0.2379 0.0359
vn 0.2406 0.9598 -0.1447
vn 0.0000 -0.1491 -0.9888
usemtl Texture_Test
s off
f 5/1/1 3/2/1 1/3/1
f 3/4/2 8/5/2 4/6/2
f 7/7/3 6/8/3 8/9/3
f 6/10/4 4/11/4 8/12/4
f 2/13/5 3/14/5 4/15/5
f 6/16/6 1/17/6 2/18/6
f 5/1/1 7/19/1 3/2/1
f 3/4/2 7/20/2 8/5/2
f 7/7/3 5/21/3 6/8/3
f 6/10/4 2/22/4 4/11/4
f 2/13/5 1/23/5 3/14/5
f 6/16/6 5/24/6 1/17/6
o Head_Cube.001
v 1.000001 8.713889 -1.666633
v 1.000001 6.736250 -1.368400
v 1.000001 9.012122 0.311006
v 1.000001 7.034483 0.609239
v -0.999999 8.713889 -1.666633
v -0.999999 6.736250 -1.368400
v -0.999999 9.012122 0.311006
v -0.999999 7.034483 0.609239
vt 0.748104 0.877018
vt 0.625442 0.999680
vt 0.625442 0.877018
vt 0.750840 0.875006
vt 0.626626 0.750791
vt 0.750840 0.750791
vt 0.624792 0.875246
vt 0.500737 0.751191
vt 0.624792 0.751191
vt 0.874158 0.875380
vt 0.749344 1.000194
vt 0.749344 0.875380
vt 0.874289 0.874923
vt 0.749639 0.750273
vt 0.874289 0.750273
vt 0.998300 0.874639
vt 0.874295 0.750634
vt 0.998300 0.750634
vt 0.748104 0.999680
vt 0.626626 0.875006
vt 0.500737 0.875246
vt 0.874158 1.000194
vt 0.749639 0.874923
vt 0.874295 0.874639
vn 0.0000 0.9888 -0.1491
vn 0.0000 0.1491 0.9888
vn -1.0000 -0.0000 0.0000
vn 0.0000 -0.9888 0.1491
vn 1.0000 0.0000 0.0000
vn 0.0000 -0.1491 -0.9888
usemtl Texture_Test
s off
f 13/25/7 11/26/7 9/27/7
f 11/28/8 16/29/8 12/30/8
f 15/31/9 14/32/9 16/33/9
f 10/34/10 16/35/10 14/36/10
f 9/37/11 12/38/11 10/39/11
f 13/40/12 10/41/12 14/42/12
f 13/25/7 15/43/7 11/26/7
f 11/28/8 15/44/8 16/29/8
f 15/31/9 13/45/9 14/32/9
f 10/34/10 12/46/10 16/35/10
f 9/37/11 11/47/11 12/38/11
f 13/40/12 9/48/12 10/41/12
o Body_Cube.002
v 1.000001 6.810809 -0.873990
v 1.000001 3.844349 -0.426641
v 1.000001 6.959925 0.114829
v 1.000001 3.993466 0.562179
v -0.999999 6.810809 -0.873990
v -0.999999 3.844349 -0.426641
v -0.999999 6.959925 0.114829
v -0.999999 3.993466 0.562179
vt 0.436976 0.438001
vt 0.313244 0.500278
vt 0.313244 0.438001
vt 0.437696 0.249999
vt 0.312640 0.437953
vt 0.312640 0.249999
vt 0.312183 0.437289
vt 0.251093 0.250593
vt 0.312183 0.250593
vt 0.561968 0.438339
vt 0.438265 0.499810
vt 0.438265 0.438339
vt 0.499376 0.249672
vt 0.438677 0.437568
vt 0.438677 0.249672
vt 0.625110 0.249749
vt 0.499250 0.437880
vt 0.499250 0.249749
vt 0.436976 0.500278
vt 0.437696 0.437953
vt 0.251093 0.437289
vt 0.561968 0.499810
vt 0.499376 0.437568
vt 0.625110 0.437880
vn 0.0000 0.9888 -0.1491
vn 0.0000 0.1491 0.9888
vn -1.0000 0.0000 0.0000
vn 0.0000 -0.9888 0.1491
vn 1.0000 -0.0000 0.0000
vn 0.0000 -0.1491 -0.9888
usemtl Texture_Test
s off
f 21/49/13 19/50/13 17/51/13
f 20/52/14 23/53/14 24/54/14
f 23/55/15 22/56/15 24/57/15
f 18/58/16 24/59/16 22/60/16
f 18/61/17 19/62/17 20/63/17
f 22/64/18 17/65/18 18/66/18
f 21/49/13 23/67/13 19/50/13
f 20/52/14 19/68/14 23/53/14
f 23/55/15 21/69/15 22/56/15
f 18/58/16 20/70/16 24/59/16
f 18/61/17 17/71/17 19/62/17
f 22/64/18 21/72/18 17/65/18
o Right_Arm_Cube.003
v -0.845730 5.966516 -0.746669
v -3.756003 5.246435 -0.638079
v -0.845729 6.115632 0.242151
v -3.756003 5.395551 0.350741
v -1.088471 6.925760 -0.891325
v -3.998744 6.205680 -0.782735
v -1.088471 7.074877 0.097494
v -3.998744 6.354796 0.206084
vt 0.688708 0.437987
vt 0.750466 0.499745
vt 0.688708 0.499745
vt 0.750445 0.250852
vt 0.688938 0.436434
vt 0.688938 0.250852
vt 0.688828 0.437467
vt 0.625651 0.250220
vt 0.688828 0.250220
vt 0.813451 0.437533
vt 0.751092 0.499892
vt 0.751092 0.437533
vt 0.814086 0.250610
vt 0.750685 0.437096
vt 0.750685 0.250610
vt 0.875786 0.437224
vt 0.813937 0.251091
vt 0.875786 0.251091
vt 0.750466 0.437987
vt 0.750445 0.436434
vt 0.625651 0.437467
vt 0.813451 0.499892
vt 0.814086 0.437096
vt 0.813937 0.437224
vn 0.9701 0.2400 -0.0362
vn 0.0000 0.1491 0.9888
vn -0.2427 0.9592 -0.1447
vn -0.9701 -0.2400 0.0362
vn 0.2427 -0.9592 0.1447
vn -0.0000 -0.1491 -0.9888
usemtl Texture_Test
s off
f 25/73/19 31/74/19 27/75/19
f 28/76/20 31/77/20 32/78/20
f 31/79/21 30/80/21 32/81/21
f 26/82/22 32/83/22 30/84/22
f 26/85/23 27/86/23 28/87/23
f 29/88/24 26/89/24 30/90/24
f 25/73/19 29/91/19 31/74/19
f 28/76/20 27/92/20 31/77/20
f 31/79/21 29/93/21 30/80/21
f 26/82/22 28/94/22 32/83/22
f 26/85/23 25/95/23 27/86/23
f 29/88/24 25/96/24 26/89/24
o Left_Leg_Cube.004
v 0.851919 3.534084 -0.624541
v 1.119558 1.095579 1.102324
v 1.050252 4.114934 0.164938
v 1.317891 1.676429 1.891803
v -0.124147 3.577816 -0.411510
v 0.143492 1.139312 1.315354
v 0.074185 4.158667 0.377969
v 0.341824 1.720161 2.104834
vt 0.067263 0.192104
vt 0.123063 0.247904
vt 0.067263 0.247904
vt 0.125948 0.000539
vt 0.063836 0.187748
vt 0.063836 0.000539
vt 0.063642 0.187226
vt 0.000967 0.000812
vt 0.063642 0.000812
vt 0.184512 0.190230
vt 0.130160 0.244581
vt 0.130160 0.190230
vt 0.187955 0.000912
vt 0.126280 0.187914
vt 0.126280 0.000912
vt 0.250462 0.187368
vt 0.188163 -0.000553
vt 0.250462 -0.000553
vt 0.123063 0.192104
vt 0.125948 0.187748
vt 0.000967 0.187226
vt 0.184512 0.244581
vt 0.187955 0.187914
vt 0.188163 0.187368
vn -0.0892 0.8128 -0.5756
vn 0.1983 0.5809 0.7895
vn -0.9761 0.0437 0.2130
vn 0.0892 -0.8128 0.5756
vn 0.9761 -0.0437 -0.2130
vn -0.1983 -0.5809 -0.7895
vn 0.1983 0.5808 0.7895
vn -0.1983 -0.5808 -0.7895
usemtl Texture_Test
s off
f 33/97/25 39/98/25 35/99/25
f 36/100/26 39/101/26 40/102/26
f 39/103/27 38/104/27 40/105/27
f 34/106/28 40/107/28 38/108/28
f 34/109/29 35/110/29 36/111/29
f 37/112/30 34/113/30 38/114/30
f 33/97/25 37/115/25 39/98/25
f 36/100/31 35/116/31 39/101/31
f 39/103/27 37/117/27 38/104/27
f 34/106/28 36/118/28 40/107/28
f 34/109/29 33/119/29 35/110/29
f 37/112/32 33/120/32 34/113/32
o Right_Leg_Cube.005
v 0.103385 3.569045 -0.444669
v -0.127876 1.135126 1.293880
v -0.054922 4.152878 0.351621
v -0.286183 1.718958 2.090171
v -0.880991 3.538687 -0.618110
v -1.112252 1.104768 1.120439
v -1.039298 4.122520 0.178180
v -1.270559 1.688600 1.916729
vt 0.124537 0.438446
vt 0.062192 0.500791
vt 0.062192 0.438446
vt 0.124958 0.438068
vt 0.061968 0.251142
vt 0.124958 0.251142
vt 0.061660 0.437761
vt 0.000105 0.250541
vt 0.061660 0.250541
vt 0.126351 0.440477
vt 0.185021 0.499147
vt 0.126351 0.499147
vt 0.187055 0.251184
vt 0.125285 0.438717
vt 0.125285 0.251184
vt 0.250234 0.250093
vt 0.187184 0.437465
vt 0.187184 0.250093
vt 0.124537 0.500791
vt 0.061968 0.438068
vt 0.000105 0.437761
vt 0.185021 0.440477
vt 0.187055 0.438717
vt 0.250234 0.437465
vn 0.0771 0.8113 -0.5795
vn -0.1583 0.5838 0.7963
vn -0.9844 -0.0304 -0.1734
vn -0.0771 -0.8113 0.5795
vn 0.9844 0.0304 0.1734
vn 0.1583 -0.5838 -0.7963
usemtl Texture_Test
s off
f 45/121/33 43/122/33 41/123/33
f 43/124/34 48/125/34 44/126/34
f 47/127/35 46/128/35 48/129/35
f 46/130/36 44/131/36 48/132/36
f 42/133/37 43/134/37 44/135/37
f 46/136/38 41/137/38 42/138/38
f 45/121/33 47/139/33 43/122/33
f 43/124/34 47/140/34 48/125/34
f 47/127/35 45/141/35 46/128/35
f 46/130/36 42/142/36 44/131/36
f 42/133/37 41/143/37 43/134/37
f 46/136/38 45/144/38 41/137/38
o Cube_Cube.006
v 21.206566 -2.369950 -6.030243
v 21.206566 2.369950 -6.030243
v 21.206566 -2.369950 3.445486
v 21.206566 2.369950 3.445486
v 29.140617 -2.369950 -6.030243
v 29.140617 2.369950 -6.030243
v 29.140617 -2.369950 3.445486
v 29.140617 2.369950 3.445486
vt 0.625000 0.000000
vt 0.375000 0.000000
vt 0.375000 0.250000
vt 0.625000 0.250000
vt 0.375000 0.500000
vt 0.625000 0.500000
vt 0.375000 0.750000
vt 0.625000 0.750000
vt 0.375000 1.000000
vt 0.125000 0.500000
vt 0.125000 0.750000
vt 0.875000 0.500000
vt 0.625000 1.000000
vt 0.875000 0.750000
vn -1.0000 0.0000 0.0000
vn 0.0000 0.0000 1.0000
vn 1.0000 0.0000 0.0000
vn 0.0000 0.0000 -1.0000
vn 0.0000 -1.0000 0.0000
vn 0.0000 1.0000 0.0000
usemtl None
s off
f 50/145/39 49/146/39 51/147/39
f 52/148/40 51/147/40 55/149/40
f 56/150/41 55/149/41 53/151/41
f 54/152/42 53/151/42 49/153/42
f 55/149/43 51/154/43 49/155/43
f 52/156/44 56/150/44 54/152/44
f 50/145/39 51/147/39 52/148/39
f 52/148/40 55/149/40 56/150/40
f 56/150/41 53/151/41 54/152/41
f 54/152/42 49/153/42 50/157/42
f 55/149/43 49/155/43 53/151/43
f 52/156/44 54/152/44 50/158/44
