# Blender v2.92.0 OBJ File: 'Anim_Death.blend'
# www.blender.org
mtllib Anim_Death_000009.mtl
o Left_Arm_Cube
v 1.580784 7.751006 -0.448162
v 3.055177 9.108221 -2.680679
v 1.765463 6.861812 -0.866764
v 3.239856 8.219028 -3.099282
v 0.729693 7.819300 -0.968718
v 2.204086 9.176516 -3.201235
v 0.914372 6.930107 -1.387321
v 2.388765 8.287323 -3.619838
vt 0.875093 0.186814
vt 0.812176 0.249731
vt 0.812176 0.186814
vt 0.874495 0.187259
vt 0.812638 0.000417
vt 0.874495 0.000417
vt 0.812513 0.186575
vt 0.749931 0.000793
vt 0.812513 0.000793
vt 0.875069 0.187278
vt 0.937377 0.249586
vt 0.875069 0.249586
vt 0.936512 0.000111
vt 0.874765 0.186938
vt 0.874765 0.000111
vt 1.000144 -0.000454
vt 0.936967 0.186760
vt 0.936967 -0.000454
vt 0.875093 0.249731
vt 0.812638 0.187259
vt 0.749931 0.186575
vt 0.937377 0.187278
vt 0.936512 0.186938
vt 1.000144 0.186760
vn -0.4915 -0.4524 0.7442
vn 0.1847 -0.8892 -0.4186
vn -0.8511 0.0683 -0.5206
vn 0.4915 0.4524 -0.7442
vn 0.8511 -0.0683 0.5206
vn -0.1847 0.8892 0.4186
usemtl Texture_Test
s off
f 5/1/1 3/2/1 1/3/1
f 3/4/2 8/5/2 4/6/2
f 7/7/3 6/8/3 8/9/3
f 6/10/4 4/11/4 8/12/4
f 2/13/5 3/14/5 4/15/5
f 6/16/6 1/17/6 2/18/6
f 5/1/1 7/19/1 3/2/1
f 3/4/2 7/20/2 8/5/2
f 7/7/3 5/21/3 6/8/3
f 6/10/4 2/22/4 4/11/4
f 2/13/5 1/23/5 3/14/5
f 6/16/6 5/24/6 1/17/6
o Head_Cube.001
v 1.000001 8.957723 -3.622844
v 1.000001 7.369087 -2.407839
v 1.000001 10.172728 -2.034209
v 1.000001 8.584091 -0.819204
v -0.999999 8.957723 -3.622844
v -0.999999 7.369087 -2.407839
v -0.999999 10.172728 -2.034209
v -0.999999 8.584091 -0.819204
vt 0.748104 0.877018
vt 0.625442 0.999680
vt 0.625442 0.877018
vt 0.750840 0.875006
vt 0.626626 0.750791
vt 0.750840 0.750791
vt 0.624792 0.875246
vt 0.500737 0.751191
vt 0.624792 0.751191
vt 0.874158 0.875380
vt 0.749344 1.000194
vt 0.749344 0.875380
vt 0.874289 0.874923
vt 0.749639 0.750273
vt 0.874289 0.750273
vt 0.998300 0.874639
vt 0.874295 0.750634
vt 0.998300 0.750634
vt 0.748104 0.999680
vt 0.626626 0.875006
vt 0.500737 0.875246
vt 0.874158 1.000194
vt 0.749639 0.874923
vt 0.874295 0.874639
vn 0.0000 0.7943 -0.6075
vn 0.0000 0.6075 0.7943
vn -1.0000 0.0000 0.0000
vn 0.0000 -0.7943 0.6075
vn 1.0000 0.0000 0.0000
vn 0.0000 -0.6075 -0.7943
usemtl Texture_Test
s off
f 13/25/7 11/26/7 9/27/7
f 11/28/8 16/29/8 12/30/8
f 15/31/9 14/32/9 16/33/9
f 10/34/10 16/35/10 14/36/10
f 9/37/11 12/38/11 10/39/11
f 13/40/12 10/41/12 14/42/12
f 13/25/7 15/43/7 11/26/7
f 11/28/8 15/44/8 16/29/8
f 15/31/9 13/45/9 14/32/9
f 10/34/10 12/46/10 16/35/10
f 9/37/11 11/47/11 12/38/11
f 13/40/12 9/48/12 10/41/12
o Body_Cube.002
v 1.000001 7.672838 -2.010680
v 1.000001 5.289885 -0.188173
v 1.000001 8.280340 -1.216363
v 1.000001 5.897388 0.606145
v -0.999999 7.672838 -2.010680
v -0.999999 5.289885 -0.188173
v -0.999999 8.280340 -1.216363
v -0.999999 5.897388 0.606145
vt 0.436976 0.438001
vt 0.313244 0.500278
vt 0.313244 0.438001
vt 0.437696 0.437953
vt 0.312640 0.249999
vt 0.437696 0.249999
vt 0.312183 0.437289
vt 0.251093 0.250593
vt 0.312183 0.250593
vt 0.561968 0.438339
vt 0.438265 0.499810
vt 0.438265 0.438339
vt 0.499376 0.249672
vt 0.438677 0.437568
vt 0.438677 0.249672
vt 0.625110 0.437880
vt 0.499250 0.249749
vt 0.625110 0.249749
vt 0.436976 0.500278
vt 0.312640 0.437953
vt 0.251093 0.437289
vt 0.561968 0.499810
vt 0.499376 0.437568
vt 0.499250 0.437880
vn 0.0000 0.7943 -0.6075
vn 0.0000 0.6075 0.7943
vn -1.0000 0.0000 0.0000
vn 0.0000 -0.7943 0.6075
vn 1.0000 0.0000 0.0000
vn 0.0000 -0.6075 -0.7943
usemtl Texture_Test
s off
f 21/49/13 19/50/13 17/51/13
f 19/52/14 24/53/14 20/54/14
f 23/55/15 22/56/15 24/57/15
f 18/58/16 24/59/16 22/60/16
f 18/61/17 19/62/17 20/63/17
f 21/64/18 18/65/18 22/66/18
f 21/49/13 23/67/13 19/50/13
f 19/52/14 23/68/14 24/53/14
f 23/55/15 21/69/15 22/56/15
f 18/58/16 20/70/16 24/59/16
f 18/61/17 17/71/17 19/62/17
f 21/64/18 17/72/18 18/65/18
o Right_Arm_Cube.003
v -0.919597 7.561902 -0.627517
v -1.982954 9.933215 -2.126233
v -0.778733 7.078876 -1.491719
v -1.842090 9.450190 -2.990435
v -1.844000 7.185212 -0.567652
v -2.907357 9.556524 -2.066368
v -1.703136 6.702187 -1.431854
v -2.766493 9.073500 -2.930570
vt 0.688708 0.437987
vt 0.750466 0.499745
vt 0.688708 0.499745
vt 0.750445 0.250852
vt 0.688938 0.436434
vt 0.688938 0.250852
vt 0.688828 0.437467
vt 0.625651 0.250220
vt 0.688828 0.250220
vt 0.813451 0.437533
vt 0.751092 0.499892
vt 0.751092 0.437533
vt 0.814086 0.250610
vt 0.750685 0.437096
vt 0.750685 0.250610
vt 0.875786 0.437224
vt 0.813937 0.251091
vt 0.875786 0.251091
vt 0.750466 0.437987
vt 0.750445 0.436434
vt 0.625651 0.437467
vt 0.813451 0.499892
vt 0.814086 0.437096
vt 0.813937 0.437224
vn 0.3545 -0.7904 0.4996
vn 0.1409 -0.4830 -0.8642
vn -0.9244 -0.3767 0.0599
vn -0.3545 0.7904 -0.4996
vn 0.9244 0.3767 -0.0599
vn -0.1409 0.4830 0.8642
usemtl Texture_Test
s off
f 25/73/19 31/74/19 27/75/19
f 28/76/20 31/77/20 32/78/20
f 31/79/21 30/80/21 32/81/21
f 26/82/22 32/83/22 30/84/22
f 26/85/23 27/86/23 28/87/23
f 29/88/24 26/89/24 30/90/24
f 25/73/19 29/91/19 31/74/19
f 28/76/20 27/92/20 31/77/20
f 31/79/21 29/93/21 30/80/21
f 26/82/22 28/94/22 32/83/22
f 26/85/23 25/95/23 27/86/23
f 29/88/24 25/96/24 26/89/24
o Left_Leg_Cube.004
v 0.569337 4.494713 0.222882
v 1.983902 5.463885 2.684531
v 0.873681 5.308412 -0.272366
v 2.288245 6.277583 2.189283
v -0.258336 4.977962 0.508238
v 1.156228 5.947134 2.969886
v 0.046008 5.791660 0.012990
v 1.460572 6.760832 2.474638
vt 0.067263 0.192104
vt 0.123063 0.247904
vt 0.067263 0.247904
vt 0.125948 0.187748
vt 0.063836 0.000539
vt 0.125948 0.000539
vt 0.063642 0.000812
vt 0.000967 0.187226
vt 0.000967 0.000812
vt 0.184512 0.190230
vt 0.130160 0.244581
vt 0.130160 0.190230
vt 0.187955 0.187914
vt 0.126280 0.000912
vt 0.187955 0.000912
vt 0.250462 -0.000553
vt 0.188163 0.187368
vt 0.188163 -0.000553
vt 0.123063 0.192104
vt 0.063836 0.187748
vt 0.063642 0.187226
vt 0.184512 0.244581
vt 0.126280 0.187914
vt 0.250462 0.187368
vn -0.4715 -0.3231 -0.8205
vn 0.3043 0.8137 -0.4952
vn -0.8277 0.4832 0.2854
vn 0.4715 0.3231 0.8205
vn 0.8277 -0.4832 -0.2854
vn -0.3043 -0.8137 0.4952
usemtl Texture_Test
s off
f 33/97/25 39/98/25 35/99/25
f 35/100/26 40/101/26 36/102/26
f 40/103/27 37/104/27 38/105/27
f 34/106/28 40/107/28 38/108/28
f 33/109/29 36/110/29 34/111/29
f 38/112/30 33/113/30 34/114/30
f 33/97/25 37/115/25 39/98/25
f 35/100/26 39/116/26 40/101/26
f 40/103/27 39/117/27 37/104/27
f 34/106/28 36/118/28 40/107/28
f 33/109/29 35/119/29 36/110/29
f 38/112/30 37/120/30 33/113/30
o Right_Leg_Cube.005
v 0.228962 4.884549 0.449211
v -0.961511 5.948575 2.989019
v -0.012423 5.734092 -0.019839
v -1.202895 6.798118 2.519968
v -0.656625 4.494061 0.197705
v -1.847097 5.558085 2.737512
v -0.898009 5.343604 -0.271346
v -2.088482 6.407630 2.268461
vt 0.124537 0.438446
vt 0.062192 0.500791
vt 0.062192 0.438446
vt 0.124958 0.251142
vt 0.061968 0.438068
vt 0.061968 0.251142
vt 0.061660 0.250541
vt 0.000105 0.437761
vt 0.000105 0.250541
vt 0.126351 0.440477
vt 0.185021 0.499147
vt 0.126351 0.499147
vt 0.187055 0.438717
vt 0.125285 0.251184
vt 0.187055 0.251184
vt 0.250234 0.437465
vt 0.187184 0.250093
vt 0.250234 0.250093
vt 0.124537 0.500791
vt 0.124958 0.438068
vt 0.061660 0.437761
vt 0.185021 0.440477
vt 0.125285 0.438717
vt 0.187184 0.437465
vn 0.3968 -0.3547 -0.8466
vn -0.2414 0.8495 -0.4691
vn -0.8856 -0.3905 -0.2515
vn -0.3968 0.3547 0.8466
vn 0.8856 0.3905 0.2515
vn 0.2414 -0.8495 0.4691
usemtl Texture_Test
s off
f 45/121/31 43/122/31 41/123/31
f 44/124/32 47/125/32 48/126/32
f 48/127/33 45/128/33 46/129/33
f 46/130/34 44/131/34 48/132/34
f 41/133/35 44/134/35 42/135/35
f 45/136/36 42/137/36 46/138/36
f 45/121/31 47/139/31 43/122/31
f 44/124/32 43/140/32 47/125/32
f 48/127/33 47/141/33 45/128/33
f 46/130/34 42/142/34 44/131/34
f 41/133/35 43/143/35 44/134/35
f 45/136/36 41/144/36 42/137/36
o Cube_Cube.006
v 21.206566 -2.369950 -6.030243
v 21.206566 2.369950 -6.030243
v 21.206566 -2.369950 3.445486
v 21.206566 2.369950 3.445486
v 29.140617 -2.369950 -6.030243
v 29.140617 2.369950 -6.030243
v 29.140617 -2.369950 3.445486
v 29.140617 2.369950 3.445486
vt 0.625000 0.000000
vt 0.375000 0.000000
vt 0.375000 0.250000
vt 0.625000 0.250000
vt 0.375000 0.500000
vt 0.625000 0.500000
vt 0.375000 0.750000
vt 0.625000 0.750000
vt 0.375000 1.000000
vt 0.125000 0.500000
vt 0.125000 0.750000
vt 0.875000 0.500000
vt 0.625000 1.000000
vt 0.875000 0.750000
vn -1.0000 0.0000 0.0000
vn 0.0000 0.0000 1.0000
vn 1.0000 0.0000 0.0000
vn 0.0000 0.0000 -1.0000
vn 0.0000 -1.0000 0.0000
vn 0.0000 1.0000 0.0000
usemtl None
s off
f 50/145/37 49/146/37 51/147/37
f 52/148/38 51/147/38 55/149/38
f 56/150/39 55/149/39 53/151/39
f 54/152/40 53/151/40 49/153/40
f 55/149/41 51/154/41 49/155/41
f 52/156/42 56/150/42 54/152/42
f 50/145/37 51/147/37 52/148/37
f 52/148/38 55/149/38 56/150/38
f 56/150/39 53/151/39 54/152/39
f 54/152/40 49/153/40 50/157/40
f 55/149/41 49/155/41 53/151/41
f 52/156/42 54/152/42 50/158/42
